2,3,90
2,1,150
10,4,180
11,10,180
7,3,90
11,7,180
9,7,120
1,9,120
9,7,120
9,4,150
9,7,90
4,2,60
2,7,180
4,6,180
6,5,150
5,8,120
8,4,120
1,11,180
5,8,90
7,5,180
9,7,90
2,1,150
4,6,90
6,4,90
4,11,180
4,10,180
7,3,120
10,6,60
3,10,60
8,7,90
11,10,60
8,7,90
11,7,150
6,4,60
8,9,90
10,5,120
10,4,150
4,1,60
5,10,150
3,2,150
7,11,150
6,3,120
2,3,90
7,11,90
11,10,60
10,1,60
2,10,150
5,11,150
9,6,180
10,8,180
10,3,60
7,11,60
2,1,150
7,6,180
7,11,150
9,6,60
8,3,60
2,11,150
1,6,90
2,4,120
4,2,180
1,2,120
5,9,150
8,5,150
9,11,180
9,1,120
10,11,150
8,9,60
1,9,120
8,2,150
9,3,90
1,9,90
1,6,120
8,3,180
6,5,180
10,3,60
7,3,90
3,10,60
9,1,60
6,1,150
6,8,150
1,9,60
11,1,180
4,1,180
3,10,150
3,11,120
10,4,180
7,10,60
7,8,60
7,8,150
1,10,150
9,1,120
5,11,60
2,3,150
8,11,120
9,6,150
5,1,60
5,6,120
4,11,150
6,3,150
