2,4,120
2,6,150
10,5,150
5,4,120
4,8,90
10,5,180
11,10,120
11,4,90
5,7,90
4,7,180
11,4,180
5,10,120
4,2,60
11,8,60
10,5,180
3,2,180
3,6,60
5,7,60
1,10,120
7,4,120
5,10,150
7,4,60
3,7,150
4,1,60
5,4,120
5,8,60
6,10,60
10,5,180
2,4,60
11,3,120
7,11,120
1,5,180
3,1,60
10,6,180
9,8,90
5,10,90
4,2,180
10,3,120
6,7,150
7,9,60
9,8,90
7,5,90
6,3,90
5,2,150
4,7,60
1,11,150
4,5,90
5,4,120
8,3,90
4,7,120
2,6,60
4,7,180
7,10,90
4,10,120
3,9,60
5,6,120
8,1,150
3,9,150
8,4,150
1,7,120
5,10,120
3,8,150
6,9,60
5,8,150
9,7,150
1,3,120
6,8,180
8,5,60
1,8,180
3,4,180
6,8,150
6,11,180
1,6,90
9,11,90
11,5,120
5,6,120
8,7,180
4,11,90
3,4,90
1,11,180
1,2,90
6,4,90
10,3,150
10,5,120
2,1,60
3,8,120
5,9,150
11,4,150
11,3,120
1,2,150
11,8,150
8,1,90
5,1,90
6,10,90
4,2,180
1,2,90
3,1,120
11,5,120
11,5,180
10,3,120
5,3,120
2,5,60
11,9,180
4,1,120
1,11,60
5,1,90
10,1,60
9,5,150
3,4,60
8,1,120
2,4,120
6,4,150
6,4,60
8,7,90
11,4,150
1,6,120
10,6,120
1,7,150
6,3,90
7,8,150
11,1,90
7,5,90
2,4,90
8,1,180
6,7,150
11,7,120
2,9,60
6,9,120
4,10,120
9,1,150
10,1,60
4,6,90
1,6,90
7,9,120
9,8,180
3,8,150
7,4,60
3,1,150
3,2,180
8,5,180
7,6,180
10,4,90
2,8,120
8,2,60
10,11,180
1,6,180
6,2,150
10,1,120
11,9,60
7,2,60
10,7,180
8,9,120
11,4,150
1,5,120
11,10,90
5,3,90
10,4,90
2,7,180
6,9,150
11,8,150
3,9,90
4,5,180
1,4,120
1,7,90
8,7,90
4,11,150
5,9,150
6,7,60
3,6,60
5,6,180
3,2,150
4,2,60
9,4,120
8,3,90
8,7,180
4,1,90
7,5,90
4,6,150
1,4,150
2,1,90
10,5,150
8,10,150
7,8,90
9,5,120
4,3,120
4,8,120
2,7,120
6,2,150
9,1,60
4,6,90
1,6,150
4,6,60
11,1,90
1,9,120
4,11,120
6,5,120
1,9,150
3,10,60
5,11,90
11,6,150
11,5,150
4,8,60
1,6,180
11,7,120
5,10,120
1,4,120
5,1,120
1,9,120
2,11,150
4,6,180
4,10,180
11,5,150
10,2,60
9,7,120
4,3,150
6,2,60
8,6,180
5,3,90
11,8,90
8,9,150
11,7,90
3,7,180
10,7,150
7,4,180
7,5,150
10,8,90
10,1,180
8,6,60
4,11,180
6,5,60
3,6,150
8,5,60
6,7,180
2,7,60
2,4,120
6,7,150
2,5,60
9,3,150
3,6,120
7,10,150
1,10,150
5,2,150
11,4,180
7,4,180
6,4,60
7,4,120
3,5,120
11,4,180
5,9,60
6,5,60
11,3,60
3,7,120
3,6,180
2,7,120
11,9,60
8,7,90
8,9,150
5,6,180
3,6,120
2,1,90
8,5,60
1,8,150
10,9,180
2,11,60
9,2,60
9,4,120
3,4,60
7,5,90
4,10,120
1,10,120
5,11,120
2,8,150
5,6,120
2,1,90
1,3,90
8,10,60
11,6,120
1,8,60
8,6,120
5,10,120
7,5,120
5,8,60
9,1,60
2,5,150
11,4,180
4,8,180
2,1,120
11,3,90
9,6,60
4,2,150
5,7,120
4,5,120
8,1,120
3,2,180
1,10,90
9,4,180
5,2,150
7,3,120
1,6,120
10,7,150
