3,5,180
5,4,180
8,10,180
8,2,180
7,10,180
1,5,180
3,2,180
10,6,180
2,9,180
8,6,180
6,7,180
8,7,180
5,6,180
1,11,180
5,2,180
2,7,180
11,3,180
1,6,180
4,8,180
9,5,180
9,2,180
9,11,180
5,10,180
4,10,180
2,10,180
3,2,180
7,2,180
8,1,180
5,3,180
6,8,180
9,1,180
8,4,180
7,10,180
9,8,180
4,9,180
10,2,180
6,10,180
10,1,180
10,11,180
4,8,180
7,4,180
8,5,180
1,7,180
4,5,180
3,2,180
2,8,180
7,4,180
7,3,180
9,7,180
3,5,180
1,5,180
4,10,180
5,7,180
3,4,180
2,4,180
9,4,180
10,6,180
4,1,180
5,3,180
5,6,180
8,7,180
5,7,180
2,4,180
11,4,180
10,3,180
5,6,180
7,6,180
1,6,180
6,5,180
4,8,180
9,2,180
1,2,180
4,7,180
7,1,180
3,1,180
8,1,180
6,4,180
5,1,180
7,10,180
8,6,180
7,1,180
7,11,180
1,10,180
8,5,180
4,10,180
7,9,180
6,11,180
10,8,180
11,2,180
10,9,180
3,8,180
5,3,180
11,8,180
1,10,180
6,5,180
11,4,180
2,7,180
7,5,180
10,1,180
1,7,180
9,1,180
5,4,180
10,9,180
6,5,180
3,8,180
1,5,180
9,7,180
5,8,180
1,10,180
1,2,180
9,2,180
11,8,180
6,11,180
6,9,180
6,3,180
7,1,180
4,3,180
3,6,180
11,1,180
8,2,180
11,10,180
8,7,180
3,9,180
5,1,180
8,3,180
6,1,180
9,4,180
9,7,180
8,7,180
10,7,180
9,7,180
11,3,180
3,8,180
7,4,180
10,1,180
11,8,180
4,9,180
5,7,180
2,7,180
4,6,180
6,11,180
9,4,180
1,2,180
7,2,180
8,11,180
10,1,180
9,6,180
1,4,180
10,8,180
2,7,180
9,6,180
7,3,180
5,3,180
2,1,180
9,8,180
6,9,180
9,4,180
3,8,180
7,5,180
1,7,180
11,5,180
5,4,180
1,7,180
10,6,180
7,8,180
3,4,180
1,4,180
1,11,180
11,10,180
10,7,180
2,4,180
6,9,180
2,6,180
11,4,180
2,4,180
10,7,180
8,5,180
5,8,180
9,4,180
3,9,180
9,4,180
6,2,180
11,8,180
7,2,180
7,8,180
3,1,180
5,7,180
10,5,180
4,7,180
11,3,180
6,8,180
9,4,180
3,2,180
3,9,180
2,8,180
1,8,180
1,11,180
9,1,180
4,6,180
10,6,180
