7,2,60
10,5,60
9,2,60
3,1,60
2,7,60
6,8,60
3,10,60
1,4,60
9,1,60
1,4,60
7,10,60
10,4,60
10,4,60
6,5,60
2,5,60
5,2,60
10,7,60
2,8,60
5,6,60
3,10,60
1,5,60
4,1,60
11,10,60
10,5,60
5,10,60
3,4,60
3,2,60
6,8,60
11,1,60
4,3,60
1,6,60
9,2,60
3,8,60
9,6,60
10,7,60
3,10,60
8,2,60
3,10,60
8,2,60
9,1,60
11,1,60
8,9,60
6,10,60
1,3,60
6,11,60
2,5,60
5,4,60
11,7,60
5,6,60
9,3,60
3,8,60
10,3,60
6,8,60
7,10,60
1,4,60
5,8,60
10,8,60
9,11,60
8,6,60
11,8,60
9,3,60
8,9,60
7,9,60
10,5,60
1,10,60
8,2,60
3,7,60
8,11,60
3,5,60
11,5,60
5,9,60
2,9,60
3,2,60
6,7,60
8,6,60
7,11,60
1,9,60
5,10,60
10,6,60
5,7,60
7,9,60
2,1,60
3,5,60
9,2,60
1,9,60
3,2,60
5,9,60
11,1,60
5,10,60
2,11,60
7,5,60
5,2,60
7,5,60
10,11,60
7,11,60
1,7,60
10,5,60
2,8,60
9,10,60
5,10,60
