10,5,60
1,9,60
4,7,120
9,3,120
4,8,150
9,10,150
10,6,120
4,10,90
3,7,90
6,7,60
11,8,180
3,5,150
6,4,90
8,2,180
9,4,90
10,2,120
9,1,90
11,10,60
3,6,90
7,3,180
1,10,120
3,5,150
2,1,60
6,7,120
8,5,60
4,10,90
1,10,90
10,2,60
4,9,90
1,6,60
9,1,120
11,5,120
3,11,60
6,4,90
2,7,120
11,4,120
1,4,120
6,3,90
2,6,120
4,5,90
8,7,60
10,4,60
7,8,180
6,11,180
5,9,120
4,8,60
8,7,180
6,3,180
7,10,180
5,4,60
4,10,120
5,6,150
2,5,120
10,11,90
6,4,60
2,9,150
10,11,90
7,9,90
2,4,60
5,11,60
11,6,60
7,2,150
9,8,60
2,7,180
1,6,150
4,1,90
8,1,150
1,8,90
7,9,150
1,4,60
9,3,90
10,1,60
1,6,180
8,6,180
3,9,150
9,4,150
11,10,120
7,9,180
3,1,150
1,8,120
4,5,60
1,4,150
10,2,60
3,10,60
2,10,180
4,5,60
10,9,120
9,5,60
5,2,180
7,6,60
4,8,90
5,9,120
7,5,90
8,4,150
8,3,150
6,4,120
3,10,60
5,6,90
2,1,120
11,4,90
6,9,90
10,4,90
2,6,90
11,9,90
10,9,90
7,5,180
11,4,60
11,3,60
9,1,150
6,3,180
3,4,150
11,2,150
2,10,60
7,2,60
4,1,180
6,7,90
5,4,120
4,9,90
2,5,120
4,6,90
5,11,120
7,3,150
5,8,180
9,2,120
2,4,180
1,2,90
2,9,120
2,9,90
1,2,150
5,4,60
6,1,180
6,7,150
3,6,180
8,7,120
1,7,60
9,7,120
5,7,180
3,6,150
5,4,150
6,4,180
11,10,90
2,11,150
9,10,120
4,1,120
3,5,90
10,5,180
6,1,150
9,4,90
4,7,150
5,6,90
1,6,60
2,11,120
4,5,150
3,10,60
5,11,120
6,5,60
3,7,90
7,1,120
9,11,120
5,6,90
6,9,120
6,10,90
8,7,90
2,7,180
4,8,150
7,2,120
11,9,120
2,8,180
6,1,90
7,6,90
4,3,180
3,1,120
11,1,180
10,5,60
6,9,180
1,2,180
2,8,120
4,3,150
5,6,90
5,6,180
2,5,90
10,11,120
5,4,60
5,1,60
8,10,150
11,9,150
8,10,120
4,10,90
3,8,180
1,7,150
7,1,150
4,10,180
2,8,150
6,9,60
10,1,180
11,8,60
2,3,180
5,11,180
11,4,90
9,3,60
7,6,120
8,6,120
2,1,120
6,1,60
11,5,180
9,10,180
10,9,60
1,8,150
4,3,150
4,6,150
4,1,180
8,10,120
5,10,90
9,2,90
3,4,180
10,11,90
11,10,180
1,11,120
9,4,90
9,6,90
4,8,60
5,9,180
1,5,60
7,2,90
1,9,150
5,8,90
9,7,180
6,2,90
1,9,180
3,11,150
10,6,180
8,7,90
8,2,90
4,8,150
11,4,180
2,1,180
10,2,60
2,4,60
5,8,150
8,4,120
4,11,90
7,8,150
6,1,180
6,9,180
8,3,60
3,5,90
8,10,150
6,4,60
8,10,90
7,2,90
