3,4,60
8,3,60
1,2,60
8,10,60
4,6,60
2,4,60
6,3,60
7,10,60
4,11,60
4,8,60
2,6,60
9,1,60
3,10,60
7,5,60
11,8,60
4,7,60
8,11,60
11,9,60
7,11,60
8,7,60
9,2,60
3,10,60
3,4,60
4,6,60
2,9,60
5,4,60
5,8,60
1,5,60
4,5,60
11,6,60
3,1,60
3,8,60
6,3,60
5,8,60
10,2,60
11,2,60
11,9,60
3,10,60
9,5,60
4,7,60
2,10,60
2,7,60
1,9,60
1,9,60
4,6,60
1,10,60
9,2,60
9,11,60
2,3,60
11,2,60
1,5,60
11,3,60
7,6,60
3,8,60
6,9,60
4,7,60
10,6,60
5,3,60
9,7,60
4,5,60
8,1,60
4,3,60
3,4,60
2,6,60
3,11,60
3,4,60
3,10,60
4,9,60
2,4,60
10,3,60
8,10,60
7,11,60
2,1,60
6,3,60
7,9,60
7,3,60
2,11,60
7,6,60
7,1,60
9,11,60
7,8,60
3,1,60
7,6,60
5,10,60
10,3,60
5,4,60
9,2,60
4,8,60
10,3,60
9,8,60
3,6,60
3,10,60
9,10,60
9,5,60
1,4,60
9,5,60
6,8,60
5,7,60
7,3,60
7,4,60
2,1,60
3,4,60
7,6,60
9,4,60
2,6,60
7,11,60
6,9,60
7,2,60
2,8,60
6,1,60
8,4,60
11,10,60
10,11,60
1,8,60
7,4,60
11,2,60
5,10,60
3,4,60
5,1,60
11,6,60
6,4,60
9,11,60
4,9,60
10,7,60
9,10,60
8,1,60
10,6,60
5,2,60
11,4,60
5,1,60
10,2,60
1,8,60
8,9,60
1,8,60
10,8,60
8,3,60
3,9,60
9,8,60
9,1,60
1,9,60
11,8,60
6,10,60
9,3,60
9,11,60
7,6,60
11,6,60
4,7,60
1,7,60
11,3,60
6,2,60
