8,2,120
4,9,120
10,5,120
8,10,120
11,8,120
8,11,120
11,6,120
10,3,120
1,9,120
10,4,120
5,10,120
6,7,120
11,5,120
8,4,120
1,7,120
3,7,120
11,7,120
6,8,120
7,9,120
4,11,120
4,2,120
5,8,120
11,7,120
1,4,120
10,1,120
11,4,120
3,9,120
4,2,120
3,2,120
3,8,120
5,10,120
9,6,120
6,5,120
7,10,120
6,7,120
5,2,120
7,6,120
8,10,120
8,11,120
10,11,120
6,4,120
6,3,120
8,4,120
9,7,120
5,10,120
2,10,120
4,9,120
6,10,120
6,7,120
6,8,120
7,1,120
3,9,120
1,3,120
3,7,120
7,6,120
11,4,120
4,8,120
5,8,120
3,1,120
7,1,120
5,1,120
3,2,120
2,3,120
3,10,120
8,2,120
11,5,120
9,7,120
7,9,120
1,5,120
2,10,120
8,9,120
10,6,120
4,10,120
10,8,120
5,2,120
6,7,120
8,4,120
5,9,120
2,11,120
11,3,120
4,8,120
3,1,120
7,10,120
6,8,120
2,6,120
9,10,120
9,7,120
3,2,120
2,5,120
10,8,120
1,8,120
2,3,120
7,3,120
4,7,120
6,9,120
8,1,120
9,7,120
9,11,120
2,6,120
8,10,120
