3,8,60
7,9,90
7,1,90
7,6,150
1,7,60
3,5,120
5,1,90
2,4,150
8,10,60
8,10,90
1,11,180
6,9,150
9,6,150
2,9,90
2,11,120
1,7,120
5,4,120
10,1,120
7,10,120
4,5,120
8,3,180
10,3,120
9,8,120
4,2,180
6,7,150
3,2,90
9,10,150
9,8,90
10,9,60
2,6,180
11,4,60
2,1,60
5,3,90
9,4,120
1,10,150
7,4,60
10,6,60
5,1,90
11,8,180
6,11,120
10,1,90
7,10,60
4,3,180
9,8,60
4,5,120
3,1,120
11,9,120
11,7,180
11,9,120
8,3,90
10,11,180
8,3,90
2,10,180
11,6,90
10,4,180
9,10,120
6,11,150
2,4,60
10,3,60
11,3,180
3,5,90
3,4,60
6,10,60
4,8,180
8,11,90
4,1,90
10,6,150
2,5,60
9,4,120
3,4,180
1,8,150
4,11,60
2,9,150
3,9,60
9,4,150
6,8,90
10,2,180
7,6,150
9,1,60
1,11,180
1,6,120
3,10,90
1,5,60
8,11,90
4,5,120
4,10,150
8,4,90
11,5,60
3,5,90
5,8,150
1,10,150
7,9,120
4,1,60
2,6,150
5,9,180
5,1,90
2,8,150
6,7,180
7,6,180
9,2,120
2,4,90
11,3,180
6,5,90
1,9,180
6,8,150
1,11,150
11,1,120
3,8,180
9,6,120
7,11,60
8,7,180
3,8,120
5,6,60
10,9,150
9,2,150
2,5,60
6,2,60
7,2,60
2,9,120
4,8,180
2,8,90
11,4,60
6,5,60
10,6,60
4,10,150
6,5,60
11,6,120
11,7,60
10,7,60
8,5,120
1,8,180
10,9,60
4,5,180
7,2,120
5,9,150
1,6,150
5,3,90
6,11,150
5,4,60
10,7,180
7,4,60
7,1,150
5,8,60
8,4,150
6,2,120
8,3,90
9,11,150
7,5,120
2,11,90
2,1,120
7,11,120
9,4,150
9,6,180
9,2,180
8,6,90
1,3,120
9,4,120
1,7,120
9,1,180
8,11,150
9,5,90
5,3,150
7,2,120
7,10,120
4,1,60
10,3,150
1,4,90
2,9,120
4,6,150
8,4,60
3,9,90
5,6,90
7,8,120
11,5,180
11,7,150
2,11,150
4,2,60
7,2,60
4,1,180
4,11,60
8,5,90
1,9,150
4,5,60
11,5,60
4,3,120
2,11,150
5,11,180
10,2,120
7,1,60
11,5,120
4,11,180
6,1,90
9,2,90
3,2,90
4,8,90
3,4,60
8,1,60
1,4,90
4,5,150
3,5,150
