13,9,60
7,4,60
9,2,60
9,6,60
7,4,60
14,12,60
8,3,60
2,9,60
6,10,60
1,12,60
1,13,60
14,11,60
13,9,60
3,4,60
6,5,60
12,7,60
6,13,60
2,8,60
3,9,60
12,4,60
7,9,60
8,10,60
3,5,60
9,12,60
6,13,60
3,9,60
8,14,60
2,12,60
7,9,60
9,10,60
13,11,60
1,4,60
4,10,60
4,2,60
6,5,60
11,14,60
8,11,60
13,7,60
4,11,60
11,9,60
6,5,60
8,7,60
8,2,60
14,3,60
12,13,60
2,7,60
12,11,60
5,13,60
2,14,60
1,11,60
1,10,60
14,10,60
12,10,60
1,5,60
7,8,60
3,6,60
6,7,60
14,4,60
4,8,60
6,5,60
9,2,60
8,5,60
2,13,60
3,10,60
13,7,60
14,4,60
14,7,60
4,13,60
2,10,60
14,12,60
12,5,60
1,12,60
12,14,60
4,12,60
10,1,60
4,8,60
5,4,60
14,11,60
1,9,60
1,14,60
5,12,60
4,12,60
10,8,60
10,9,60
7,2,60
6,8,60
12,5,60
11,6,60
3,13,60
14,12,60
6,1,60
14,6,60
2,8,60
8,11,60
5,8,60
14,8,60
3,13,60
4,8,60
2,7,60
9,13,60
3,9,60
13,3,60
12,11,60
6,1,60
1,7,60
1,12,60
3,1,60
6,13,60
13,6,60
6,11,60
13,9,60
2,13,60
13,7,60
11,5,60
4,9,60
5,7,60
5,3,60
10,6,60
12,8,60
9,5,60
2,3,60
10,8,60
5,11,60
13,10,60
13,5,60
9,14,60
7,10,60
5,3,60
14,1,60
9,10,60
14,7,60
9,12,60
12,9,60
3,10,60
11,14,60
11,3,60
4,12,60
12,5,60
14,8,60
1,5,60
2,14,60
12,10,60
1,5,60
14,4,60
12,6,60
4,7,60
8,10,60
12,10,60
8,11,60
5,3,60
