1,9,120
2,12,120
3,6,120
14,11,120
12,9,120
11,8,120
4,3,120
9,5,120
11,9,120
2,10,120
5,11,120
1,13,120
12,13,120
1,9,120
13,6,120
1,8,120
12,14,120
5,1,120
5,13,120
13,5,120
8,7,120
3,8,120
6,7,120
5,14,120
9,8,120
4,13,120
11,2,120
9,7,120
3,8,120
4,3,120
11,7,120
5,2,120
6,3,120
5,1,120
2,3,120
12,9,120
9,11,120
13,4,120
5,11,120
2,9,120
11,5,120
12,13,120
14,5,120
8,14,120
5,4,120
10,13,120
2,10,120
9,2,120
14,9,120
12,4,120
9,10,120
2,9,120
14,8,120
14,6,120
7,6,120
10,14,120
8,11,120
7,5,120
1,7,120
14,3,120
13,2,120
12,6,120
13,9,120
8,1,120
6,2,120
1,6,120
2,13,120
1,13,120
3,8,120
2,11,120
14,7,120
2,10,120
3,5,120
9,12,120
1,3,120
10,2,120
4,7,120
4,8,120
5,13,120
14,2,120
6,13,120
8,4,120
9,1,120
10,8,120
7,5,120
1,11,120
12,11,120
6,7,120
1,6,120
1,6,120
11,14,120
8,12,120
4,6,120
1,10,120
6,9,120
6,1,120
5,14,120
12,8,120
1,6,120
7,3,120
1,8,120
10,4,120
12,10,120
12,13,120
5,14,120
10,11,120
3,4,120
6,5,120
11,5,120
1,13,120
13,2,120
12,3,120
10,6,120
1,11,120
9,1,120
12,9,120
12,3,120
12,13,120
9,4,120
7,1,120
6,5,120
5,3,120
11,2,120
3,13,120
13,8,120
11,1,120
8,11,120
5,8,120
4,6,120
2,5,120
13,11,120
7,14,120
11,6,120
9,6,120
3,7,120
12,2,120
1,14,120
2,6,120
4,8,120
3,12,120
3,8,120
2,4,120
11,1,120
9,11,120
8,7,120
3,2,120
8,1,120
7,8,120
5,12,120
1,11,120
