7,2,60
5,11,60
5,8,60
8,3,60
6,9,60
4,5,60
5,10,60
10,3,60
12,1,60
14,2,60
14,7,60
3,6,60
5,9,60
4,5,60
8,9,60
9,4,60
10,3,60
12,9,60
14,1,60
3,11,60
12,14,60
4,14,60
3,12,60
4,6,60
1,3,60
9,13,60
11,12,60
6,3,60
7,10,60
9,3,60
10,1,60
2,14,60
4,3,60
8,2,60
12,14,60
12,13,60
4,9,60
7,10,60
1,6,60
2,8,60
4,8,60
1,2,60
8,3,60
8,11,60
13,5,60
1,5,60
11,2,60
5,10,60
9,1,60
8,11,60
1,8,60
9,7,60
8,11,60
9,5,60
1,13,60
4,14,60
8,3,60
13,8,60
6,3,60
14,5,60
11,8,60
2,9,60
8,4,60
7,4,60
11,5,60
5,12,60
2,6,60
14,10,60
8,7,60
7,11,60
5,9,60
10,12,60
3,8,60
11,3,60
1,4,60
10,9,60
9,5,60
5,13,60
4,8,60
8,2,60
1,12,60
12,10,60
2,11,60
5,1,60
10,5,60
5,3,60
4,9,60
10,2,60
8,6,60
7,11,60
9,10,60
5,14,60
7,9,60
2,1,60
5,9,60
14,3,60
7,1,60
14,11,60
5,6,60
7,3,60
2,7,60
3,4,60
10,6,60
8,14,60
9,4,60
9,8,60
5,12,60
4,8,60
9,4,60
9,4,60
1,12,60
7,11,60
7,11,60
10,1,60
4,2,60
12,1,60
8,1,60
2,12,60
1,7,60
12,7,60
1,10,60
4,2,60
7,14,60
1,8,60
4,13,60
14,6,60
1,10,60
12,3,60
10,1,60
12,7,60
5,3,60
8,12,60
3,14,60
1,13,60
7,5,60
6,14,60
4,13,60
11,8,60
7,1,60
12,4,60
11,1,60
14,6,60
7,11,60
14,8,60
13,9,60
8,5,60
13,1,60
12,9,60
8,12,60
7,14,60
13,3,60
14,6,60
14,3,60
2,7,60
10,2,60
8,10,60
9,5,60
11,14,60
2,4,60
1,4,60
7,12,60
5,8,60
3,5,60
2,5,60
1,2,60
3,8,60
6,13,60
2,8,60
2,4,60
5,4,60
11,8,60
6,1,60
7,5,60
1,12,60
3,5,60
6,10,60
1,6,60
6,8,60
7,8,60
14,13,60
5,13,60
14,3,60
11,10,60
8,2,60
6,8,60
1,4,60
14,8,60
3,9,60
11,14,60
10,7,60
10,3,60
1,5,60
9,13,60
14,4,60
6,5,60
11,14,60
12,14,60
9,4,60
4,3,60
6,12,60
5,14,60
5,1,60
12,4,60
14,6,60
9,11,60
6,5,60
14,12,60
3,14,60
7,1,60
14,9,60
3,1,60
4,8,60
10,8,60
11,4,60
10,9,60
11,14,60
6,1,60
9,4,60
1,5,60
9,2,60
13,11,60
3,11,60
11,2,60
7,3,60
9,4,60
12,13,60
5,4,60
11,5,60
1,6,60
11,7,60
13,10,60
9,2,60
12,10,60
8,9,60
3,14,60
1,6,60
8,9,60
5,8,60
4,2,60
8,9,60
6,14,60
14,10,60
5,4,60
2,10,60
4,8,60
1,7,60
8,7,60
2,3,60
9,6,60
12,7,60
3,4,60
14,1,60
4,12,60
9,7,60
1,11,60
9,10,60
2,6,60
14,4,60
1,14,60
7,13,60
5,2,60
5,6,60
2,4,60
1,2,60
8,12,60
2,8,60
7,2,60
5,14,60
9,12,60
9,12,60
3,12,60
11,5,60
1,12,60
6,5,60
12,10,60
4,10,60
7,14,60
10,8,60
11,2,60
1,8,60
2,3,60
3,10,60
2,14,60
9,13,60
6,7,60
12,9,60
11,5,60
14,10,60
11,2,60
7,9,60
7,6,60
4,3,60
10,7,60
3,10,60
2,7,60
1,10,60
9,7,60
1,11,60
11,1,60
3,1,60
