13,4,180
4,11,60
8,3,150
7,1,60
10,12,180
5,9,120
1,9,180
9,4,150
2,11,60
3,6,60
2,7,90
2,9,120
13,12,120
6,12,90
14,9,150
3,11,180
8,7,180
4,10,60
1,9,180
1,6,90
5,13,90
14,8,90
1,7,180
11,10,60
14,1,90
9,2,60
4,3,60
9,13,60
8,10,60
8,11,180
9,1,180
1,13,180
7,4,180
3,11,120
8,10,90
5,3,60
2,5,120
3,9,120
14,13,120
11,1,180
8,11,60
10,12,180
4,11,120
6,4,150
11,3,90
10,12,120
14,3,120
14,5,120
12,1,60
8,4,120
3,11,120
12,13,90
14,4,120
7,6,180
1,12,180
6,2,180
14,8,90
14,2,60
5,2,60
11,10,150
9,5,60
8,12,180
4,5,150
11,10,120
13,11,90
3,8,60
3,12,60
8,13,90
14,12,60
7,2,150
11,13,150
11,8,90
3,7,60
7,2,90
4,8,150
2,5,120
14,12,90
13,5,90
10,1,180
4,1,60
11,10,60
9,1,90
2,9,90
7,2,120
10,9,120
7,10,120
2,9,90
6,13,90
14,8,90
3,8,90
5,7,60
2,7,60
10,3,150
1,4,150
2,8,60
6,5,60
5,4,60
6,10,150
7,13,120
6,12,60
