12,10,120
9,10,150
9,7,60
5,11,90
5,3,180
6,1,180
9,2,150
3,2,90
14,4,60
8,4,90
1,14,60
7,8,120
8,5,180
6,7,120
7,10,120
10,3,90
8,4,120
6,5,60
3,5,90
5,11,150
7,9,150
7,1,120
13,6,180
3,13,120
8,9,150
13,4,60
13,4,90
13,9,120
2,3,180
14,10,180
2,1,60
11,7,180
3,5,120
5,8,180
2,11,180
5,12,120
1,11,150
9,12,60
5,1,90
10,8,180
4,3,150
5,2,60
7,4,180
13,7,180
2,10,60
4,12,180
9,12,60
9,3,180
10,7,180
12,6,150
5,7,180
3,8,90
2,9,60
7,3,60
7,6,90
9,2,60
14,9,90
2,6,90
9,2,90
10,8,60
14,9,120
3,5,150
13,2,60
14,11,90
5,4,180
2,10,90
12,5,90
1,11,60
12,7,60
2,12,150
13,6,150
3,13,90
1,6,120
3,1,90
1,6,150
8,12,120
2,8,60
12,3,90
5,12,90
11,5,60
14,4,180
11,8,90
4,2,60
6,8,180
12,3,180
4,2,90
12,5,120
3,2,90
2,13,180
9,6,180
14,13,90
8,9,150
9,1,60
1,11,120
2,5,180
9,12,90
3,14,150
5,4,180
2,14,60
6,13,60
2,10,60
4,14,120
4,3,60
7,1,180
7,1,120
1,13,180
1,5,120
12,13,60
4,6,60
13,10,120
3,1,120
8,10,180
10,11,120
7,2,90
11,12,90
11,9,150
3,4,90
12,14,90
9,7,120
9,12,150
2,5,60
8,9,180
12,3,90
4,9,180
13,3,60
7,12,90
2,3,60
7,4,180
13,12,120
4,10,120
3,4,150
9,10,90
13,3,180
13,11,60
3,8,180
8,5,180
1,6,180
7,12,90
10,5,120
1,4,150
14,7,90
13,9,150
4,1,150
5,9,120
12,11,150
10,8,150
4,1,90
10,3,60
3,7,150
2,4,150
14,3,150
11,9,60
7,4,180
11,2,90
13,10,120
13,8,180
7,14,120
3,9,90
14,6,60
8,2,120
3,4,90
10,8,180
7,12,120
14,8,120
3,11,60
6,2,150
4,1,150
13,4,120
8,6,60
12,4,90
13,1,120
3,7,60
1,4,120
5,2,180
13,4,60
3,10,180
10,2,180
5,11,120
7,5,60
11,9,90
3,10,60
14,2,180
1,12,90
5,14,120
8,7,180
10,9,120
7,1,90
1,11,180
12,6,120
7,8,90
13,11,60
8,1,180
9,14,150
12,6,150
2,12,150
10,11,90
9,13,60
11,8,120
13,11,60
13,14,60
1,5,60
11,4,90
8,5,150
8,13,150
10,7,120
14,2,60
8,14,90
13,6,60
13,6,120
6,12,180
10,2,180
13,2,60
5,13,180
8,2,150
1,3,180
10,6,180
11,5,150
10,11,150
3,7,60
14,4,90
4,12,90
11,12,90
9,14,150
12,4,120
5,10,180
10,9,150
10,11,150
9,7,180
7,2,90
4,10,90
3,12,180
6,10,90
9,4,150
7,2,150
10,14,120
10,11,120
4,8,120
11,13,150
7,3,180
1,11,90
7,11,60
1,2,120
9,4,60
4,1,180
8,12,180
11,4,120
10,14,60
3,8,60
14,10,150
6,8,150
10,4,120
7,1,120
3,2,60
13,8,60
11,13,60
6,1,180
1,7,90
2,1,120
4,13,150
10,3,90
5,2,90
12,6,180
9,13,120
2,8,120
1,10,150
10,7,180
10,6,150
6,12,90
1,3,90
3,9,150
3,13,180
13,3,60
4,2,60
6,2,180
14,9,90
8,6,120
1,6,150
9,4,180
5,10,150
12,5,180
2,5,180
12,14,90
14,4,60
14,10,60
1,7,180
8,4,150
1,13,150
9,2,90
11,8,150
8,9,180
13,14,60
11,14,120
12,7,90
6,3,120
13,8,60
2,12,120
9,11,120
14,13,150
7,3,120
14,13,150
