12,13,90
13,6,150
13,9,180
7,6,90
3,8,150
10,8,180
6,14,150
5,14,120
2,4,90
13,10,180
2,7,150
3,5,90
10,11,60
7,6,120
9,5,180
11,5,120
14,11,120
7,10,60
12,8,90
1,8,60
5,2,90
3,8,180
5,9,60
3,6,180
7,2,150
12,9,180
8,9,120
11,4,90
2,13,180
6,10,60
9,11,180
2,9,90
14,11,180
9,6,150
13,10,180
1,7,90
14,10,60
3,2,90
5,10,90
6,7,180
5,3,120
11,9,90
13,9,120
9,8,150
14,9,150
12,3,90
5,6,150
4,3,90
12,7,60
5,3,120
4,12,60
6,8,90
2,12,90
10,8,120
3,9,180
8,7,60
3,9,120
5,13,180
5,8,90
9,13,180
13,2,60
8,12,60
13,7,60
8,9,180
3,6,150
14,2,90
14,11,60
13,1,90
2,12,90
14,10,180
4,10,180
7,9,90
12,8,150
7,14,150
2,13,150
7,5,120
5,2,60
11,2,90
5,14,150
2,14,90
5,7,180
9,5,60
14,1,120
8,10,120
3,4,120
4,7,60
10,1,150
2,11,90
8,5,90
1,10,120
11,10,60
2,1,120
9,11,60
8,13,180
8,1,60
11,1,180
2,13,150
4,3,90
6,3,90
1,7,90
8,5,150
2,10,90
14,5,90
10,12,60
11,4,60
3,8,60
3,10,180
5,12,90
14,13,150
12,5,120
9,6,150
1,6,150
6,3,60
11,13,90
14,8,60
2,14,180
4,5,90
12,5,60
9,6,180
1,8,180
8,7,150
3,6,90
2,13,120
7,13,60
8,14,150
8,1,90
13,3,120
1,14,60
13,1,180
4,5,60
13,14,180
5,4,60
12,2,120
3,4,180
2,5,180
12,2,120
12,10,60
6,11,60
14,1,60
4,2,60
10,1,60
12,3,60
10,12,150
9,10,90
9,13,180
1,7,120
14,10,180
7,8,180
2,13,90
5,1,150
10,6,60
8,4,150
9,5,120
8,5,90
6,13,90
7,10,90
6,13,120
9,1,120
6,13,90
1,13,150
12,14,60
4,12,90
14,6,180
12,8,60
11,12,120
13,9,180
13,4,150
12,14,90
6,3,120
4,13,120
3,5,90
9,5,120
5,6,60
1,4,90
9,1,90
3,5,90
13,3,180
4,6,60
14,1,60
13,9,150
2,9,180
12,9,150
8,10,180
1,2,150
4,11,180
4,10,180
14,12,60
11,3,120
7,2,150
9,7,90
2,1,150
4,8,150
3,13,150
9,1,60
7,13,60
10,2,150
7,12,180
7,11,90
3,11,120
9,5,150
1,13,150
8,14,180
4,11,180
7,13,180
1,13,150
9,5,120
11,7,150
12,9,180
14,8,90
3,5,150
14,13,150
11,1,60
8,14,90
12,7,120
7,9,150
7,4,150
11,5,90
5,7,120
8,10,180
6,5,180
10,14,60
12,1,180
14,1,120
9,11,90
14,9,90
13,8,60
8,6,150
5,3,120
7,8,60
11,1,60
6,10,150
14,11,90
7,8,120
11,3,180
1,8,60
10,14,150
9,11,60
6,11,120
11,7,60
1,13,180
5,4,150
8,14,150
13,1,60
3,4,180
14,6,90
13,14,120
4,1,60
10,11,60
4,2,60
3,12,120
