6,10,150
10,4,180
8,7,180
10,1,90
7,5,60
6,1,150
5,7,90
9,14,90
8,14,150
14,13,90
14,12,120
2,8,180
7,11,150
7,14,120
7,3,90
2,5,60
8,3,150
5,3,150
8,4,150
9,12,150
1,9,180
8,9,180
1,14,90
6,7,180
14,2,90
9,1,60
14,12,120
3,4,120
3,4,90
10,8,90
10,8,120
14,12,150
14,5,150
12,8,150
14,10,120
12,4,90
10,2,90
5,13,180
9,2,180
1,12,90
2,8,60
6,14,120
3,10,150
14,3,60
5,11,60
10,14,60
13,5,150
9,10,180
10,5,180
6,12,60
1,14,150
4,10,60
8,2,60
12,11,90
1,5,90
9,7,90
9,10,60
12,2,180
5,9,150
5,13,120
12,11,60
14,7,120
13,1,120
13,2,60
10,7,150
6,8,150
14,8,60
6,2,60
7,2,90
11,14,150
6,7,180
3,12,180
1,3,60
1,5,150
11,3,180
8,1,180
12,6,90
2,4,150
10,13,180
6,2,180
5,2,150
12,11,120
8,5,60
13,11,90
13,2,60
14,11,60
3,11,90
7,10,120
12,5,150
11,8,120
11,12,60
6,3,150
1,9,180
14,8,150
10,4,150
6,5,180
4,10,150
4,8,90
2,6,90
9,5,180
5,7,120
14,4,120
5,2,120
12,3,150
2,14,90
11,8,120
3,13,90
10,13,150
14,1,60
13,1,120
7,9,120
8,6,60
14,7,120
9,3,180
7,12,60
4,13,150
14,2,120
5,13,120
3,6,150
11,5,120
1,10,60
4,8,120
10,2,120
14,6,90
6,2,120
1,5,90
3,11,90
11,6,120
13,3,60
3,10,150
7,10,90
8,11,120
13,9,90
8,10,180
5,1,150
2,3,90
8,11,120
4,14,150
3,14,120
3,9,90
12,14,90
14,7,90
3,8,120
9,7,180
2,10,180
4,3,90
12,14,180
12,5,60
3,5,60
5,7,60
