6,14,180
8,6,180
3,11,180
5,14,180
6,3,180
4,1,180
7,9,180
14,3,180
11,4,180
5,3,180
11,13,180
13,12,180
4,6,180
9,11,180
8,9,180
4,1,180
7,11,180
4,2,180
6,8,180
14,7,180
13,10,180
6,8,180
2,14,180
7,6,180
1,8,180
11,1,180
14,9,180
4,6,180
10,12,180
9,11,180
14,9,180
6,5,180
1,9,180
14,9,180
12,11,180
12,7,180
2,14,180
14,13,180
14,1,180
7,8,180
1,3,180
3,10,180
8,9,180
5,1,180
12,8,180
8,5,180
6,9,180
3,14,180
5,9,180
13,7,180
13,1,180
13,2,180
10,2,180
1,10,180
7,4,180
6,14,180
13,14,180
3,14,180
5,2,180
9,3,180
13,7,180
6,7,180
7,8,180
2,8,180
12,8,180
1,5,180
2,4,180
7,9,180
13,11,180
14,8,180
8,10,180
9,13,180
5,12,180
4,3,180
9,7,180
13,4,180
14,9,180
3,4,180
1,13,180
8,1,180
9,10,180
13,8,180
5,6,180
6,10,180
2,5,180
4,10,180
12,2,180
11,13,180
1,12,180
11,2,180
1,3,180
12,10,180
14,9,180
7,1,180
2,1,180
2,13,180
10,3,180
11,3,180
2,1,180
5,3,180
13,8,180
3,10,180
7,8,180
9,13,180
14,6,180
13,8,180
7,11,180
5,10,180
5,1,180
14,2,180
1,4,180
7,3,180
7,3,180
14,10,180
9,14,180
9,14,180
1,12,180
5,9,180
4,3,180
10,12,180
1,3,180
14,3,180
13,8,180
3,14,180
11,10,180
2,6,180
6,5,180
12,2,180
6,2,180
10,7,180
10,6,180
10,11,180
2,10,180
9,2,180
2,3,180
8,11,180
6,7,180
13,8,180
12,7,180
4,6,180
5,7,180
13,10,180
14,11,180
8,12,180
8,7,180
8,10,180
13,6,180
13,11,180
8,2,180
14,7,180
4,2,180
1,2,180
14,11,180
1,3,180
3,1,180
12,2,180
11,4,180
1,13,180
10,1,180
13,8,180
1,8,180
5,4,180
9,14,180
1,7,180
9,6,180
8,10,180
8,11,180
8,12,180
11,9,180
3,2,180
9,5,180
5,14,180
12,2,180
10,2,180
6,4,180
13,3,180
10,3,180
11,14,180
8,5,180
8,3,180
2,9,180
8,6,180
12,2,180
9,12,180
7,2,180
6,14,180
14,10,180
2,9,180
11,8,180
5,6,180
13,11,180
8,1,180
5,7,180
5,10,180
5,1,180
10,9,180
9,14,180
8,6,180
4,2,180
11,2,180
