12,3,120
6,11,60
1,13,150
8,3,180
14,7,150
2,6,60
9,10,180
5,2,60
8,6,60
4,6,90
4,2,150
9,14,120
9,8,180
13,8,180
10,11,150
10,1,150
10,11,60
1,7,180
4,2,120
14,1,180
8,9,120
13,2,180
12,4,180
6,12,180
14,4,120
7,9,120
8,6,150
4,1,120
8,14,120
14,1,150
4,3,180
10,12,150
6,3,180
13,7,60
3,12,180
4,5,120
2,13,120
9,1,120
7,14,60
13,1,150
13,3,180
13,11,120
12,2,120
5,8,180
5,1,120
2,5,90
14,1,150
12,11,60
6,13,90
1,8,90
7,12,150
5,7,120
13,9,180
7,11,180
3,13,90
6,2,60
10,5,180
14,6,90
7,6,90
12,7,120
6,10,90
7,4,150
2,4,90
4,7,120
11,9,60
4,12,150
4,10,150
10,13,120
13,14,60
3,9,60
7,4,120
1,7,180
1,8,120
13,14,120
7,6,150
4,14,60
1,13,150
13,9,180
13,8,180
14,11,120
4,11,180
8,12,180
6,3,90
4,2,180
12,5,90
7,13,150
10,7,60
10,13,90
13,11,150
4,10,180
11,2,150
14,12,180
13,7,60
8,11,90
10,11,60
2,8,90
7,6,120
3,10,60
6,8,150
5,7,90
7,12,60
4,2,90
11,14,180
3,1,120
2,14,120
13,14,180
14,5,90
11,12,150
5,3,60
6,3,90
7,13,180
11,9,150
7,6,180
10,4,60
14,1,150
9,6,60
8,3,90
14,2,150
6,5,60
11,8,120
9,3,90
6,13,180
8,2,90
1,11,150
9,7,120
3,8,150
7,12,120
10,7,180
11,2,120
2,13,180
1,7,180
2,6,90
6,1,60
3,1,60
12,6,120
6,7,120
3,8,150
13,1,180
10,2,90
10,14,120
4,10,180
14,7,90
1,14,150
2,13,120
3,12,120
9,10,90
5,13,180
9,5,90
2,12,120
14,8,120
8,12,180
12,6,90
2,3,90
13,5,120
8,3,180
5,3,150
11,2,120
10,5,180
12,5,90
2,7,180
13,1,60
7,6,120
1,3,180
3,12,90
2,8,90
2,4,180
13,5,180
2,8,150
1,3,180
13,7,90
6,9,180
12,8,60
6,7,60
1,9,90
10,13,180
3,4,60
6,5,90
14,12,150
11,10,60
14,3,120
1,5,180
2,5,180
4,10,150
11,14,90
5,12,150
14,11,120
7,9,150
13,11,150
8,12,90
6,9,90
14,9,120
1,13,180
2,1,180
7,8,90
12,3,150
9,10,150
3,4,150
13,5,180
4,6,120
13,12,150
