7,6,60
4,1,60
2,14,60
8,9,60
11,8,60
9,10,60
4,13,60
7,12,60
4,3,60
2,12,60
5,4,60
4,3,60
13,10,60
6,9,60
13,1,60
5,2,60
10,1,60
4,7,60
8,14,60
6,7,60
5,6,60
13,7,60
7,3,60
7,9,60
3,9,60
7,13,60
12,5,60
12,2,60
6,1,60
13,2,60
6,13,60
4,6,60
8,2,60
5,9,60
13,10,60
1,7,60
2,8,60
7,6,60
5,4,60
5,11,60
12,4,60
1,12,60
5,9,60
8,5,60
8,4,60
10,12,60
1,8,60
11,2,60
14,1,60
1,2,60
8,14,60
2,14,60
10,3,60
9,13,60
6,11,60
13,1,60
14,10,60
12,9,60
10,3,60
9,3,60
1,4,60
11,13,60
14,3,60
7,13,60
4,2,60
11,8,60
3,10,60
2,5,60
4,10,60
10,11,60
3,8,60
5,1,60
9,6,60
11,7,60
13,12,60
4,2,60
7,9,60
6,5,60
14,3,60
6,1,60
4,8,60
8,12,60
10,13,60
14,11,60
12,10,60
14,1,60
3,11,60
12,10,60
13,5,60
3,7,60
7,12,60
8,1,60
5,10,60
14,3,60
3,7,60
4,6,60
3,9,60
7,12,60
3,2,60
1,14,60
