1,4,60
4,7,120
1,6,60
8,5,120
9,10,90
3,9,120
13,7,90
8,5,60
10,5,120
3,13,180
3,9,60
3,2,60
9,3,60
4,3,60
2,11,90
2,0,60
1,6,90
7,3,90
1,6,180
11,4,150
8,4,150
2,1,120
10,4,180
12,3,150
3,4,150
2,6,120
6,2,60
0,10,150
9,6,180
9,2,90
11,2,120
4,2,120
6,10,120
7,12,180
13,4,60
6,12,90
5,7,90
10,0,90
5,13,180
4,13,90
9,2,180
12,10,60
6,10,120
13,5,180
9,0,180
7,4,180
4,11,90
2,3,150
5,6,90
8,11,120
1,0,120
4,8,180
6,11,60
12,1,120
3,4,150
13,12,90
0,12,180
6,5,150
4,1,90
7,9,120
11,13,120
0,12,120
7,3,60
9,3,120
12,9,180
11,6,150
10,1,90
4,9,60
5,7,60
1,5,180
9,8,150
7,6,180
7,0,120
4,13,180
1,9,120
7,6,180
5,12,90
8,9,180
12,3,90
10,3,120
7,13,150
6,12,90
9,3,90
11,3,90
6,1,90
3,1,60
11,3,90
0,3,90
4,11,60
11,8,120
7,12,120
3,9,180
11,9,150
3,5,120
0,3,120
4,6,60
5,4,150
2,7,150
5,2,120
7,9,120
2,11,150
3,0,150
8,4,60
4,3,90
4,6,180
2,3,120
2,1,60
6,5,120
8,13,90
0,1,120
13,9,60
11,13,90
5,7,60
4,0,150
1,8,180
13,8,120
0,6,180
0,4,90
7,2,120
3,6,150
8,12,90
2,12,60
7,6,150
8,3,180
12,4,60
13,3,90
10,7,120
1,0,150
2,11,60
8,2,150
12,13,60
11,13,120
6,7,120
13,9,120
8,5,120
6,10,180
9,13,120
1,12,90
5,6,120
0,11,150
4,3,120
7,9,60
10,6,120
5,4,60
5,3,60
8,4,180
2,13,150
4,6,180
3,0,90
12,3,150
0,7,150
9,3,150
1,11,180
2,9,90
2,5,90
12,10,90
13,0,90
10,12,150
1,5,180
1,13,150
5,6,90
1,4,90
9,0,60
10,0,150
2,5,150
10,4,180
10,7,120
1,12,150
0,5,150
11,8,120
12,1,150
8,5,120
0,5,120
2,10,180
0,3,180
12,3,150
11,0,180
9,11,180
4,13,90
7,9,90
11,6,60
10,1,180
8,4,90
0,3,150
6,13,120
7,6,120
2,4,180
3,10,90
13,12,150
7,8,150
12,7,120
0,11,150
5,12,120
9,7,120
6,1,150
8,10,150
6,12,60
12,7,60
7,8,180
4,10,150
1,8,150
12,13,150
9,4,120
6,2,180
0,13,90
4,12,60
5,1,60
6,13,120
9,12,60
8,9,90
7,1,150
10,12,150
12,7,90
4,9,120
7,9,150
6,5,120
10,12,90
12,8,150
1,7,180
8,10,60
4,0,120
7,1,60
12,0,180
13,5,120
0,6,90
7,3,120
12,9,180
1,10,90
1,6,90
8,10,120
10,12,150
13,7,150
0,5,90
7,12,90
2,3,120
10,8,180
9,2,60
11,4,180
11,4,150
6,0,60
7,2,90
1,11,90
12,9,150
8,12,150
4,12,120
2,1,90
10,7,90
4,2,180
4,9,90
2,1,90
