6,11,60
11,10,60
5,2,60
5,0,60
6,10,60
10,6,60
13,7,60
10,9,60
1,9,60
3,1,60
11,7,60
9,5,60
8,2,60
1,11,60
1,4,60
10,1,60
3,8,60
11,4,60
6,4,60
7,9,60
4,12,60
3,8,60
13,4,60
8,12,60
12,9,60
11,6,60
8,7,60
3,11,60
13,0,60
0,2,60
5,1,60
13,1,60
11,0,60
6,11,60
4,8,60
10,5,60
13,1,60
4,2,60
0,4,60
1,7,60
0,11,60
6,9,60
11,10,60
9,7,60
8,7,60
12,1,60
12,10,60
3,11,60
13,8,60
6,5,60
3,9,60
10,1,60
5,4,60
6,1,60
5,12,60
5,3,60
6,5,60
3,2,60
5,6,60
11,7,60
1,7,60
7,8,60
12,10,60
5,11,60
0,5,60
8,1,60
6,0,60
10,1,60
11,2,60
2,1,60
5,3,60
12,2,60
8,0,60
8,6,60
4,12,60
13,8,60
0,11,60
12,8,60
5,9,60
7,0,60
9,6,60
1,8,60
2,8,60
4,2,60
2,4,60
13,9,60
10,8,60
3,5,60
12,9,60
4,10,60
0,6,60
8,7,60
9,1,60
9,0,60
5,10,60
11,4,60
3,7,60
4,3,60
1,9,60
3,7,60
