12,6,120
9,2,150
1,2,90
3,7,180
3,0,150
6,7,120
8,10,60
10,6,150
10,4,90
3,4,150
8,6,180
10,11,120
3,13,60
7,3,180
7,0,180
7,0,90
6,8,120
6,8,120
1,4,120
7,11,180
4,11,150
8,11,150
12,8,90
0,8,90
12,3,90
9,12,120
6,3,90
12,5,180
8,11,60
9,13,60
10,9,60
12,7,150
13,7,180
7,12,90
8,13,180
2,7,150
6,7,120
10,0,180
8,9,60
1,11,90
6,10,60
6,5,60
6,4,90
3,6,60
3,8,180
13,7,90
7,6,90
0,3,60
13,9,150
2,6,180
0,9,180
3,4,90
13,1,90
3,9,60
1,2,90
6,1,120
9,3,180
12,8,90
6,7,180
8,12,60
5,1,150
0,10,120
5,1,120
9,4,120
0,8,180
9,0,180
3,0,60
12,9,180
0,2,60
13,11,180
9,6,90
9,11,120
3,2,90
6,13,90
8,4,180
12,4,180
12,10,60
8,7,150
9,7,180
13,9,180
0,9,60
13,3,180
11,0,60
5,0,180
4,12,180
3,0,150
3,10,150
11,13,90
4,2,180
0,7,90
7,10,90
3,8,150
7,1,90
3,13,120
1,2,120
0,5,150
8,11,120
10,9,150
5,7,60
5,6,90
1,6,180
4,13,120
8,12,150
4,8,90
1,6,60
1,10,180
7,8,150
7,9,60
8,9,150
2,12,90
8,6,120
9,7,180
11,13,90
6,7,150
7,1,90
5,4,150
10,6,150
3,0,120
5,1,90
2,0,90
0,13,90
7,4,120
1,13,120
6,2,180
4,9,150
9,13,120
13,12,120
5,6,150
3,10,90
2,12,60
0,10,180
0,1,60
13,4,90
6,4,60
11,0,180
5,3,60
11,1,90
12,5,60
7,6,150
7,8,180
8,10,90
13,3,180
1,5,180
0,13,180
10,9,90
6,4,90
2,10,90
8,1,150
9,3,180
12,5,150
2,8,60
3,0,180
5,4,120
10,13,90
7,11,180
2,10,60
2,3,120
7,8,120
0,10,90
11,2,120
3,8,90
6,9,150
6,3,150
5,10,180
11,3,90
7,11,60
4,11,90
9,5,60
0,7,90
12,9,60
9,0,150
2,3,180
1,5,180
2,9,90
12,10,120
6,12,60
8,0,60
9,12,60
2,0,90
11,9,90
4,13,60
2,10,120
4,9,60
0,12,180
5,6,180
4,12,60
0,3,150
2,13,90
5,1,90
3,11,120
0,5,180
13,0,120
0,10,120
0,8,150
8,7,120
4,1,180
2,7,90
8,6,60
11,0,60
12,8,120
