12,7,60
3,5,60
11,1,60
10,2,60
2,5,60
3,2,60
9,8,60
11,9,60
1,6,60
11,0,60
2,9,60
7,1,60
12,4,60
0,11,60
12,5,60
0,4,60
4,5,60
6,8,60
4,12,60
6,12,60
3,4,60
2,3,60
9,10,60
4,8,60
13,11,60
0,11,60
11,9,60
10,8,60
7,9,60
7,3,60
1,3,60
5,6,60
8,13,60
3,7,60
8,1,60
5,8,60
7,12,60
2,10,60
1,5,60
10,7,60
7,2,60
8,10,60
7,13,60
13,9,60
10,7,60
12,3,60
8,9,60
13,9,60
12,0,60
8,10,60
6,4,60
12,11,60
3,4,60
13,7,60
8,1,60
6,3,60
9,8,60
9,1,60
8,13,60
3,13,60
5,2,60
12,3,60
2,4,60
7,11,60
1,6,60
2,11,60
10,11,60
10,3,60
4,3,60
13,0,60
0,2,60
9,3,60
4,3,60
7,4,60
2,6,60
0,1,60
1,7,60
0,12,60
4,3,60
12,10,60
4,10,60
10,9,60
10,7,60
11,12,60
13,6,60
5,4,60
8,4,60
7,10,60
7,1,60
10,6,60
13,6,60
11,13,60
3,2,60
2,10,60
8,11,60
1,10,60
4,6,60
13,10,60
0,5,60
13,11,60
11,9,60
2,1,60
6,12,60
9,0,60
4,13,60
9,6,60
6,8,60
0,13,60
10,13,60
9,2,60
3,13,60
11,12,60
10,5,60
12,0,60
3,10,60
13,5,60
11,10,60
2,12,60
10,6,60
3,10,60
11,6,60
8,7,60
7,9,60
10,4,60
2,8,60
5,2,60
9,0,60
5,7,60
0,2,60
3,7,60
0,11,60
13,5,60
13,3,60
12,7,60
0,3,60
8,5,60
5,9,60
12,9,60
3,6,60
4,9,60
5,0,60
3,9,60
10,2,60
4,6,60
8,2,60
5,11,60
4,0,60
0,7,60
6,13,60
1,13,60
