10,5,60
5,1,120
1,5,180
7,9,60
1,8,60
6,4,90
1,5,60
8,7,120
1,6,60
4,12,120
1,8,150
8,13,180
10,8,90
9,4,120
4,7,180
10,9,120
7,6,90
3,12,180
13,10,120
8,7,180
3,13,60
0,3,60
10,6,60
7,8,90
2,1,120
9,8,150
2,7,60
3,6,150
5,8,120
8,2,180
13,3,90
1,4,90
1,8,150
2,12,90
0,5,150
5,2,60
4,0,60
9,10,150
12,9,150
8,10,150
11,12,60
13,2,180
13,11,150
1,0,150
12,11,90
10,1,120
5,6,180
8,0,150
2,0,60
4,1,120
12,13,60
0,5,90
12,1,180
11,3,120
11,12,120
10,8,180
6,3,150
2,12,180
5,11,180
8,13,180
9,10,60
10,0,90
12,7,60
4,11,150
7,0,90
0,4,180
3,13,120
7,4,60
11,0,180
3,12,180
4,7,60
10,0,60
2,10,120
8,0,60
1,3,150
4,0,90
7,11,120
4,1,120
8,12,180
3,10,150
12,8,150
7,9,60
11,12,60
1,8,90
1,8,90
5,10,180
8,2,180
10,13,90
4,7,120
0,10,180
2,3,60
13,7,120
5,3,150
11,13,60
1,9,180
6,3,120
2,6,120
6,1,180
7,13,120
2,11,60
8,1,90
9,4,180
3,9,60
10,9,60
13,12,180
7,13,60
10,4,180
10,4,120
13,4,150
6,13,60
4,7,150
3,7,60
1,8,120
0,5,150
2,6,180
2,5,150
9,13,120
0,5,60
0,3,180
9,3,60
2,4,120
6,3,180
6,7,180
7,11,60
11,8,150
12,9,90
4,9,150
13,7,120
12,10,180
10,8,150
11,3,90
0,9,90
4,5,150
8,11,120
10,3,120
2,5,150
12,10,60
5,0,150
0,5,120
5,9,90
8,6,60
7,10,60
2,6,150
3,13,60
6,1,120
8,3,90
7,5,150
1,11,150
7,8,180
3,10,150
10,7,60
6,1,90
6,7,120
1,6,120
6,9,150
6,13,120
5,1,120
4,0,90
1,13,180
5,13,60
6,9,120
3,11,180
12,9,180
1,7,90
3,8,150
8,10,180
11,3,180
0,10,60
4,5,60
6,12,180
9,12,180
12,1,180
5,1,180
11,0,60
13,1,90
4,3,150
7,4,90
13,0,120
0,11,150
0,12,60
8,1,180
6,4,90
7,11,90
2,3,120
1,0,60
8,1,120
13,6,120
10,7,180
1,11,120
3,5,60
13,8,60
7,6,150
10,9,180
5,4,180
11,13,60
6,11,180
7,13,90
13,9,60
2,4,120
4,7,60
4,2,60
6,9,150
9,5,90
0,5,60
8,0,120
10,4,60
4,3,90
7,3,150
2,7,60
7,2,90
10,6,180
2,12,180
2,10,180
0,9,180
11,1,90
9,4,120
6,10,150
4,2,60
6,4,180
12,6,90
7,5,150
1,11,90
9,11,150
13,0,90
9,3,150
4,6,60
0,12,60
2,5,90
10,5,180
10,5,120
5,1,60
10,3,150
4,3,120
12,6,180
5,2,120
3,13,90
0,8,90
5,8,60
8,1,180
5,0,60
5,7,120
5,9,120
0,10,60
13,1,180
7,12,180
0,5,120
13,6,180
11,2,180
8,12,60
7,12,150
12,10,120
8,9,150
7,0,90
13,7,90
11,8,90
0,2,120
3,1,120
5,12,60
4,0,180
4,7,180
10,12,90
10,9,90
9,6,150
11,6,180
8,10,180
7,3,120
6,8,180
9,13,150
7,1,150
1,13,90
6,10,150
4,6,180
1,9,90
8,6,120
8,4,120
2,7,150
9,1,120
11,2,120
3,7,60
1,7,60
4,10,120
13,4,90
2,4,180
11,2,60
4,11,180
8,13,180
7,11,90
8,3,180
8,0,180
6,12,90
6,5,60
4,7,60
8,13,60
8,1,180
3,8,180
0,1,60
2,1,150
6,2,90
7,6,150
13,3,150
