10,13,180
3,12,180
10,1,180
7,8,180
10,5,180
3,5,180
11,6,180
8,11,180
0,5,180
11,9,180
0,13,180
11,3,180
13,1,180
7,10,180
11,6,180
6,2,180
9,13,180
0,5,180
6,0,180
2,8,180
8,12,180
11,1,180
9,2,180
5,7,180
5,12,180
6,7,180
3,0,180
12,10,180
6,2,180
0,12,180
9,7,180
2,11,180
6,11,180
11,6,180
1,5,180
4,12,180
13,2,180
11,13,180
11,7,180
2,3,180
9,5,180
12,7,180
13,3,180
11,7,180
13,7,180
9,0,180
11,13,180
6,4,180
11,3,180
12,2,180
0,12,180
5,13,180
11,4,180
10,9,180
6,11,180
2,3,180
1,13,180
0,11,180
6,2,180
0,4,180
8,9,180
8,5,180
11,8,180
4,2,180
12,6,180
3,4,180
9,13,180
5,6,180
13,7,180
0,12,180
12,1,180
11,2,180
8,6,180
11,9,180
13,9,180
10,8,180
0,4,180
4,0,180
1,6,180
7,5,180
0,5,180
9,2,180
10,12,180
4,7,180
7,9,180
3,4,180
4,1,180
10,7,180
5,2,180
13,2,180
0,12,180
7,13,180
5,11,180
8,4,180
4,6,180
0,6,180
13,11,180
7,9,180
6,2,180
13,1,180
1,6,180
13,0,180
7,10,180
0,6,180
7,12,180
12,4,180
9,3,180
9,0,180
8,0,180
0,10,180
1,6,180
4,5,180
12,11,180
9,10,180
2,1,180
3,1,180
5,11,180
3,13,180
7,6,180
13,11,180
8,9,180
7,4,180
9,6,180
3,11,180
7,6,180
6,1,180
1,11,180
0,10,180
13,7,180
11,12,180
12,11,180
12,4,180
8,9,180
8,4,180
8,13,180
9,2,180
4,6,180
12,2,180
9,13,180
6,7,180
0,6,180
3,9,180
9,4,180
7,11,180
4,10,180
9,12,180
3,9,180
2,0,180
3,0,180
8,7,180
3,5,180
7,5,180
4,5,180
5,12,180
1,13,180
10,0,180
11,8,180
13,10,180
12,10,180
5,4,180
3,8,180
9,10,180
13,3,180
9,11,180
1,11,180
9,12,180
9,11,180
12,3,180
10,9,180
0,3,180
7,9,180
8,13,180
11,2,180
1,3,180
9,7,180
5,12,180
11,5,180
12,3,180
8,10,180
1,12,180
4,13,180
5,7,180
8,9,180
7,4,180
10,11,180
3,0,180
8,4,180
12,13,180
1,8,180
6,7,180
13,11,180
3,12,180
2,11,180
5,8,180
1,6,180
4,5,180
5,2,180
6,9,180
0,12,180
6,11,180
5,10,180
7,5,180
11,9,180
0,12,180
13,8,180
10,1,180
2,1,180
5,13,180
2,13,180
10,4,180
2,10,180
9,11,180
8,13,180
5,2,180
9,8,180
12,1,180
1,12,180
8,13,180
12,11,180
2,4,180
5,8,180
9,6,180
12,7,180
2,0,180
0,8,180
10,2,180
11,7,180
10,13,180
12,1,180
2,5,180
12,13,180
4,6,180
11,10,180
2,5,180
11,4,180
2,4,180
9,2,180
8,10,180
13,3,180
13,6,180
3,1,180
5,11,180
5,6,180
11,6,180
4,8,180
3,9,180
11,3,180
5,4,180
12,4,180
5,0,180
7,3,180
7,10,180
6,9,180
1,0,180
13,5,180
6,5,180
13,10,180
0,3,180
8,4,180
0,5,180
6,9,180
3,5,180
5,7,180
13,5,180
10,1,180
2,13,180
0,2,180
11,3,180
11,7,180
0,8,180
11,8,180
2,13,180
13,7,180
3,12,180
6,9,180
10,6,180
2,9,180
3,11,180
4,10,180
0,8,180
0,7,180
9,8,180
10,12,180
12,0,180
8,0,180
7,8,180
8,7,180
7,12,180
11,2,180
3,8,180
0,5,180
2,6,180
5,3,180
12,6,180
5,8,180
7,10,180
1,8,180
9,12,180
6,0,180
9,0,180
