6,13,120
10,0,120
5,11,120
7,0,120
11,3,120
6,12,120
3,8,120
11,13,120
7,3,120
10,4,120
7,0,120
2,8,120
6,1,120
7,12,120
9,11,120
1,13,120
6,2,120
13,8,120
2,8,120
5,1,120
5,13,120
6,12,120
1,13,120
4,6,120
2,11,120
8,7,120
12,2,120
3,10,120
10,9,120
13,10,120
12,10,120
11,1,120
12,2,120
1,0,120
8,10,120
9,7,120
1,12,120
9,10,120
8,13,120
2,8,120
9,1,120
6,1,120
7,3,120
11,5,120
12,13,120
1,8,120
3,8,120
8,5,120
8,13,120
9,8,120
11,2,120
8,5,120
1,2,120
3,12,120
11,8,120
10,7,120
4,1,120
3,0,120
9,6,120
7,0,120
9,8,120
5,11,120
12,11,120
11,7,120
11,4,120
5,3,120
4,11,120
9,3,120
1,13,120
1,3,120
2,6,120
7,5,120
9,10,120
9,2,120
8,4,120
10,7,120
9,5,120
13,8,120
5,7,120
13,10,120
13,2,120
1,8,120
1,12,120
13,9,120
13,2,120
10,12,120
9,5,120
11,3,120
1,8,120
0,6,120
9,13,120
8,0,120
3,6,120
13,9,120
10,13,120
7,9,120
6,3,120
13,12,120
4,1,120
13,7,120
12,5,120
6,8,120
13,7,120
10,12,120
8,9,120
3,6,120
3,6,120
3,7,120
0,4,120
1,6,120
6,10,120
8,0,120
7,1,120
12,7,120
4,13,120
3,13,120
8,2,120
4,9,120
7,4,120
0,3,120
6,7,120
5,4,120
1,9,120
11,3,120
8,1,120
3,0,120
9,12,120
12,10,120
11,4,120
13,5,120
11,10,120
4,11,120
2,8,120
13,4,120
9,2,120
0,2,120
12,11,120
8,1,120
8,1,120
8,9,120
13,7,120
12,4,120
3,7,120
3,2,120
0,7,120
8,9,120
13,2,120
0,8,120
1,9,120
9,0,120
8,1,120
1,9,120
7,4,120
11,2,120
9,8,120
6,4,120
1,7,120
13,12,120
0,7,120
7,9,120
10,2,120
0,2,120
5,9,120
5,0,120
7,0,120
4,8,120
0,1,120
5,1,120
7,1,120
9,6,120
5,10,120
6,3,120
7,9,120
12,9,120
11,6,120
8,4,120
3,4,120
2,0,120
5,9,120
8,4,120
7,12,120
1,8,120
5,3,120
4,8,120
12,11,120
11,9,120
3,11,120
12,2,120
8,6,120
5,4,120
10,13,120
0,2,120
7,4,120
1,2,120
6,4,120
12,6,120
11,1,120
11,0,120
5,13,120
8,6,120
3,6,120
13,11,120
2,8,120
2,11,120
11,10,120
0,7,120
2,0,120
11,9,120
0,3,120
1,5,120
0,7,120
12,10,120
4,8,120
8,12,120
7,11,120
6,2,120
3,13,120
4,11,120
11,5,120
13,5,120
3,5,120
11,6,120
0,12,120
5,9,120
2,3,120
10,1,120
13,5,120
0,6,120
9,6,120
10,12,120
12,6,120
12,13,120
0,3,120
3,9,120
2,13,120
2,4,120
2,3,120
1,10,120
9,2,120
3,4,120
12,7,120
0,3,120
10,1,120
7,13,120
13,9,120
9,0,120
0,8,120
1,11,120
5,12,120
5,0,120
