13,0,180
8,12,180
8,2,150
9,13,60
9,3,180
0,3,90
12,7,180
0,1,150
4,9,90
6,3,120
4,12,150
1,4,180
9,10,120
7,3,180
3,12,180
3,6,90
2,11,150
13,3,180
13,11,150
13,9,60
7,9,60
4,9,120
1,8,90
1,7,180
4,12,90
8,13,150
6,1,60
0,12,120
5,12,90
10,7,150
8,5,150
11,8,150
6,1,90
2,0,60
1,4,120
7,10,180
10,13,120
7,0,90
9,7,90
8,12,180
6,12,150
6,10,60
8,4,90
10,13,180
1,0,90
9,8,120
12,7,120
6,9,60
4,11,180
4,3,150
13,2,60
4,13,90
11,0,180
8,12,150
10,11,60
9,3,180
4,2,90
10,12,150
9,3,180
10,1,180
9,3,150
13,3,90
12,11,120
13,12,120
0,9,90
3,2,150
8,12,90
7,1,60
9,4,120
2,0,150
3,13,90
4,10,120
10,5,90
13,7,150
11,5,90
11,1,90
12,13,180
13,5,60
8,5,60
11,9,60
11,6,120
4,2,60
11,12,90
6,4,90
13,7,150
0,11,60
8,0,90
7,6,60
0,4,90
6,3,150
9,1,60
13,8,150
1,13,180
1,6,180
11,1,180
4,8,150
2,4,60
0,3,180
1,13,120
6,2,180
