12,8,60
11,9,60
7,11,60
10,1,60
9,12,60
1,5,60
2,13,60
10,1,60
8,10,60
3,1,60
1,4,60
1,13,60
12,3,60
0,13,60
7,0,60
8,10,60
1,3,60
4,11,60
0,4,60
8,13,60
13,2,60
0,4,60
5,8,60
5,7,60
2,1,60
11,3,60
4,0,60
5,8,60
11,4,60
4,10,60
0,9,60
3,6,60
12,2,60
10,1,60
10,11,60
12,5,60
1,6,60
4,11,60
9,13,60
2,1,60
10,7,60
0,3,60
4,1,60
5,4,60
9,4,60
7,9,60
4,13,60
12,8,60
10,7,60
10,2,60
3,2,60
8,0,60
11,6,60
11,8,60
10,8,60
3,11,60
9,5,60
12,5,60
0,4,60
6,1,60
8,0,60
6,1,60
11,0,60
11,2,60
1,6,60
4,9,60
11,12,60
9,0,60
4,9,60
0,12,60
3,11,60
10,0,60
2,5,60
2,1,60
3,9,60
5,9,60
2,3,60
7,9,60
9,2,60
8,4,60
0,5,60
12,4,60
9,8,60
10,8,60
11,10,60
3,6,60
1,7,60
3,9,60
3,4,60
3,1,60
7,10,60
12,7,60
10,5,60
11,6,60
13,6,60
3,7,60
9,10,60
6,9,60
3,5,60
10,11,60
4,1,60
5,8,60
12,9,60
5,9,60
7,12,60
12,6,60
7,3,60
4,8,60
13,11,60
2,11,60
1,0,60
13,9,60
3,6,60
0,4,60
8,7,60
0,7,60
3,13,60
8,4,60
9,12,60
0,8,60
8,3,60
6,5,60
10,2,60
10,12,60
6,1,60
7,3,60
10,11,60
3,13,60
1,0,60
8,6,60
10,6,60
2,1,60
13,6,60
1,4,60
10,7,60
1,7,60
10,8,60
0,4,60
13,11,60
4,3,60
6,9,60
9,6,60
11,9,60
4,8,60
1,2,60
6,11,60
1,8,60
5,9,60
10,12,60
8,2,60
7,0,60
4,12,60
12,4,60
2,6,60
3,13,60
6,5,60
1,6,60
4,3,60
1,9,60
12,3,60
5,13,60
3,11,60
0,7,60
10,4,60
13,4,60
6,13,60
2,9,60
13,4,60
8,0,60
9,12,60
11,13,60
11,12,60
8,5,60
9,11,60
12,10,60
0,4,60
7,10,60
10,5,60
1,0,60
11,8,60
8,7,60
1,9,60
0,13,60
0,13,60
9,1,60
12,2,60
9,0,60
8,12,60
7,6,60
11,9,60
13,8,60
5,10,60
1,13,60
1,0,60
10,0,60
8,10,60
4,10,60
10,6,60
1,5,60
4,12,60
