2,3,120
11,5,120
0,7,60
2,5,60
10,8,60
5,10,60
7,13,120
3,6,180
0,1,180
7,3,180
8,7,60
1,12,180
3,11,120
10,3,120
0,11,90
7,5,120
13,1,90
11,7,60
11,6,150
6,12,180
9,3,120
11,2,90
7,11,90
8,0,150
7,8,150
6,10,120
1,9,120
7,6,120
5,2,120
12,4,180
4,0,90
9,3,180
11,5,180
1,11,150
3,2,90
0,2,90
11,9,60
5,1,120
9,1,150
7,12,180
13,1,150
4,1,90
4,1,90
11,8,90
11,5,120
10,12,150
9,11,90
13,4,60
4,13,180
13,10,150
11,0,60
2,5,90
4,5,150
5,12,60
4,9,90
12,1,180
13,0,90
9,0,90
7,4,150
0,10,180
7,1,180
6,1,180
5,8,90
9,1,60
7,11,60
5,6,60
4,7,90
6,3,120
10,3,150
1,3,150
5,2,120
2,13,120
13,1,150
13,12,60
13,0,60
11,7,120
2,7,120
8,11,60
12,4,150
13,4,60
3,10,60
0,8,60
3,12,150
4,6,90
2,11,90
9,12,90
4,5,150
12,10,90
10,3,150
8,9,150
12,11,60
6,8,150
10,3,180
0,1,90
11,0,150
4,8,150
6,3,150
6,12,90
13,1,120
6,7,150
12,10,120
10,12,120
4,0,120
6,1,120
4,1,120
12,10,60
0,5,60
2,1,120
11,1,60
12,11,120
0,1,120
11,13,150
2,6,60
11,4,150
12,8,60
4,10,150
0,13,90
3,1,90
6,8,180
0,12,180
12,10,180
1,8,90
8,10,180
3,11,150
6,3,60
13,1,90
11,7,90
5,7,150
8,4,150
6,10,150
6,0,60
5,2,60
0,11,60
9,8,90
7,1,150
0,13,180
2,8,120
13,3,150
8,7,150
8,13,120
3,10,60
1,7,150
9,8,150
1,12,180
9,4,180
12,2,180
3,0,120
12,0,60
4,11,60
2,4,150
