15,1,120
6,16,150
9,23,120
2,19,180
7,13,120
4,23,180
0,16,120
11,17,90
6,0,120
11,6,120
10,11,60
14,10,90
16,15,120
19,18,60
9,5,90
23,1,60
15,10,150
3,10,180
2,18,60
16,14,60
17,18,120
22,18,150
0,2,60
5,8,90
4,18,60
6,11,180
9,19,90
11,6,150
1,4,120
12,18,90
18,17,120
11,3,120
15,21,120
16,22,150
20,3,150
8,1,90
4,7,150
14,11,90
11,3,90
18,19,120
14,18,120
19,20,180
20,17,180
22,19,120
8,7,90
3,12,150
12,6,90
12,11,90
15,18,60
16,20,180
17,8,120
19,8,60
11,10,120
1,8,180
16,15,120
12,16,150
3,8,150
14,4,60
14,19,180
17,21,60
1,17,180
4,5,60
10,7,120
0,18,90
4,16,120
17,2,180
16,22,120
1,10,90
4,20,90
13,0,150
10,1,150
16,17,90
8,18,150
10,12,150
16,10,120
1,11,60
3,16,180
10,3,60
16,6,180
10,3,150
7,23,120
12,14,150
16,2,60
3,13,90
3,22,60
6,15,150
12,17,150
0,9,150
1,21,180
22,23,60
19,11,120
0,15,150
21,4,90
17,2,120
5,21,60
11,22,150
22,14,180
19,7,120
0,17,180
4,1,120
