12,0,60
10,23,60
7,22,60
15,23,60
7,22,60
14,17,60
14,10,60
5,16,60
14,10,60
1,11,60
23,12,60
21,11,60
16,5,60
4,18,60
3,4,60
3,18,60
9,17,60
1,16,60
6,18,60
20,10,60
20,18,60
19,4,60
18,2,60
23,9,60
16,6,60
3,23,60
10,14,60
5,3,60
23,12,60
16,12,60
12,5,60
23,4,60
10,0,60
0,18,60
12,19,60
0,7,60
7,6,60
18,10,60
16,14,60
1,13,60
22,20,60
3,18,60
2,9,60
17,20,60
6,0,60
15,16,60
17,22,60
19,16,60
19,0,60
10,19,60
2,18,60
14,21,60
0,7,60
20,14,60
19,2,60
9,17,60
20,16,60
13,19,60
19,7,60
0,6,60
23,17,60
10,4,60
20,21,60
7,21,60
5,12,60
17,9,60
4,23,60
7,17,60
10,21,60
2,23,60
7,14,60
23,19,60
2,7,60
10,23,60
11,12,60
23,18,60
3,11,60
13,10,60
4,5,60
10,11,60
0,21,60
3,6,60
15,20,60
23,19,60
19,10,60
9,23,60
2,4,60
7,0,60
14,1,60
17,8,60
17,4,60
4,6,60
12,15,60
15,10,60
15,22,60
7,5,60
10,5,60
6,19,60
18,14,60
14,6,60
16,19,60
11,8,60
19,4,60
6,21,60
6,22,60
13,18,60
20,17,60
8,22,60
15,4,60
15,11,60
8,22,60
8,9,60
0,19,60
20,16,60
5,18,60
9,23,60
1,0,60
10,14,60
5,3,60
10,12,60
18,12,60
23,6,60
0,9,60
11,13,60
23,6,60
15,3,60
18,16,60
16,1,60
21,13,60
3,8,60
11,12,60
12,2,60
18,13,60
18,12,60
10,4,60
15,11,60
8,23,60
3,15,60
1,17,60
8,16,60
9,18,60
1,4,60
12,5,60
3,13,60
23,5,60
15,9,60
15,20,60
3,6,60
22,15,60
6,16,60
