20,15,180
10,14,180
15,23,180
12,14,180
9,11,180
20,22,180
13,23,180
1,0,180
2,21,180
13,20,180
2,19,180
18,13,180
18,15,180
10,22,180
20,3,180
7,18,180
13,0,180
14,5,180
21,23,180
20,2,180
23,0,180
23,12,180
17,8,180
21,5,180
12,4,180
1,2,180
5,12,180
12,18,180
10,6,180
15,18,180
0,6,180
7,14,180
17,8,180
1,5,180
11,18,180
13,17,180
3,0,180
8,10,180
17,13,180
17,7,180
5,2,180
5,16,180
15,9,180
4,12,180
5,0,180
4,2,180
0,10,180
9,18,180
15,13,180
2,10,180
16,23,180
21,16,180
19,21,180
3,20,180
0,19,180
12,22,180
4,6,180
4,9,180
19,18,180
6,3,180
7,12,180
12,1,180
6,19,180
1,4,180
10,23,180
13,2,180
9,14,180
0,3,180
5,7,180
2,17,180
6,13,180
6,2,180
19,10,180
23,14,180
0,21,180
19,7,180
17,7,180
9,21,180
12,21,180
8,14,180
1,18,180
16,4,180
18,8,180
6,9,180
13,3,180
9,15,180
9,22,180
11,6,180
6,13,180
18,2,180
23,8,180
8,5,180
16,5,180
1,20,180
19,0,180
5,11,180
0,13,180
15,1,180
20,9,180
2,14,180
16,12,180
9,5,180
0,15,180
18,9,180
19,21,180
15,1,180
8,3,180
19,18,180
7,15,180
19,0,180
11,8,180
13,20,180
8,10,180
16,10,180
17,21,180
3,14,180
11,10,180
2,3,180
22,18,180
18,15,180
1,10,180
6,14,180
4,22,180
18,7,180
9,12,180
4,12,180
22,11,180
10,2,180
23,8,180
4,21,180
7,1,180
20,5,180
22,4,180
2,3,180
17,4,180
15,3,180
0,2,180
17,4,180
9,10,180
20,19,180
10,11,180
6,19,180
11,12,180
5,8,180
21,6,180
20,5,180
1,20,180
2,20,180
22,21,180
4,9,180
2,0,180
11,9,180
6,18,180
7,12,180
15,4,180
10,8,180
16,14,180
11,23,180
8,6,180
20,21,180
1,3,180
8,2,180
23,17,180
1,9,180
4,21,180
18,14,180
10,14,180
6,9,180
12,20,180
6,4,180
14,2,180
18,8,180
0,10,180
20,1,180
1,4,180
8,23,180
8,21,180
7,11,180
22,8,180
19,2,180
8,11,180
5,17,180
8,9,180
18,5,180
18,7,180
4,13,180
20,5,180
21,23,180
23,4,180
6,11,180
3,6,180
13,8,180
14,22,180
5,17,180
12,21,180
7,20,180
3,22,180
7,15,180
14,7,180
1,7,180
9,20,180
2,6,180
12,10,180
11,16,180
0,20,180
0,2,180
22,2,180
8,15,180
20,12,180
10,22,180
21,10,180
18,2,180
2,3,180
12,15,180
13,0,180
10,12,180
7,20,180
3,8,180
18,2,180
16,22,180
16,22,180
23,6,180
3,20,180
14,1,180
1,2,180
3,14,180
17,8,180
2,22,180
21,1,180
22,10,180
19,8,180
12,13,180
1,6,180
19,6,180
18,13,180
10,16,180
8,19,180
13,12,180
15,0,180
2,16,180
10,2,180
20,1,180
20,18,180
11,12,180
12,15,180
22,11,180
6,17,180
7,19,180
10,16,180
17,9,180
