22,0,180
22,20,180
22,8,180
8,22,180
4,3,180
9,4,180
13,12,180
2,14,180
17,11,180
7,11,180
4,18,180
10,1,180
5,13,180
1,17,180
16,17,180
4,6,180
5,15,180
10,0,180
20,16,180
23,14,180
2,11,180
18,13,180
17,15,180
7,9,180
17,14,180
5,4,180
23,8,180
5,4,180
15,18,180
8,11,180
7,0,180
9,4,180
3,22,180
19,5,180
18,14,180
21,0,180
22,15,180
3,8,180
17,7,180
22,13,180
10,21,180
19,7,180
21,0,180
5,21,180
17,2,180
18,6,180
5,17,180
20,5,180
19,15,180
2,15,180
22,2,180
16,8,180
0,15,180
13,15,180
9,11,180
9,7,180
6,16,180
14,23,180
12,19,180
1,21,180
1,7,180
1,21,180
2,14,180
4,12,180
22,12,180
13,20,180
11,4,180
13,0,180
11,2,180
13,7,180
2,0,180
14,13,180
23,12,180
6,21,180
5,14,180
8,3,180
12,16,180
14,5,180
17,6,180
5,2,180
15,20,180
12,3,180
0,15,180
2,14,180
12,15,180
17,20,180
4,8,180
11,4,180
1,10,180
6,19,180
2,0,180
17,0,180
18,11,180
10,3,180
7,5,180
16,12,180
7,9,180
15,12,180
20,3,180
13,15,180
