16,19,60
14,9,60
21,1,60
1,6,60
9,18,60
17,12,60
7,1,60
15,20,60
10,21,60
16,18,60
19,14,60
8,7,60
9,16,60
4,21,60
22,1,60
8,10,60
9,0,60
18,16,60
8,13,60
6,18,60
7,15,60
15,12,60
17,20,60
5,8,60
22,23,60
0,5,60
13,14,60
4,1,60
11,5,60
2,0,60
14,18,60
5,14,60
10,0,60
16,1,60
10,0,60
6,12,60
20,15,60
13,8,60
17,10,60
15,6,60
7,14,60
15,8,60
13,4,60
21,20,60
1,14,60
19,12,60
12,3,60
14,9,60
17,3,60
15,19,60
10,0,60
16,20,60
5,11,60
19,10,60
9,5,60
10,9,60
2,12,60
2,4,60
20,6,60
9,0,60
4,12,60
14,5,60
17,14,60
7,10,60
10,23,60
13,20,60
1,13,60
13,18,60
21,7,60
0,16,60
3,1,60
14,8,60
19,22,60
5,2,60
3,16,60
22,9,60
2,21,60
6,22,60
3,21,60
1,6,60
7,1,60
18,8,60
8,7,60
12,1,60
12,2,60
16,19,60
12,15,60
4,12,60
9,18,60
20,11,60
18,7,60
8,13,60
19,20,60
18,5,60
14,3,60
10,11,60
7,14,60
0,3,60
6,3,60
20,14,60
14,15,60
5,6,60
21,23,60
5,2,60
8,1,60
22,1,60
13,9,60
12,20,60
12,15,60
5,12,60
18,6,60
1,19,60
3,8,60
2,14,60
11,4,60
0,15,60
2,7,60
2,21,60
23,21,60
14,15,60
22,10,60
0,3,60
20,1,60
23,19,60
20,6,60
20,1,60
17,11,60
7,3,60
5,6,60
3,8,60
18,13,60
6,16,60
3,22,60
22,4,60
3,14,60
0,1,60
10,17,60
16,5,60
2,18,60
2,3,60
16,15,60
1,8,60
6,8,60
19,12,60
6,9,60
0,23,60
9,20,60
17,6,60
6,22,60
14,17,60
22,12,60
16,2,60
3,18,60
13,11,60
9,23,60
17,4,60
13,1,60
1,17,60
2,16,60
19,4,60
10,2,60
10,20,60
9,19,60
6,1,60
14,22,60
8,10,60
19,4,60
3,21,60
11,15,60
5,18,60
11,20,60
12,5,60
9,4,60
22,15,60
9,13,60
1,0,60
15,1,60
2,19,60
22,19,60
1,5,60
15,9,60
8,19,60
5,2,60
4,23,60
13,14,60
13,6,60
20,12,60
16,2,60
8,12,60
19,23,60
0,10,60
0,12,60
8,19,60
19,17,60
12,0,60
6,15,60
13,20,60
4,23,60
2,11,60
9,3,60
14,1,60
8,19,60
7,3,60
23,6,60
15,6,60
5,14,60
19,10,60
21,1,60
20,2,60
1,22,60
6,9,60
18,13,60
18,5,60
4,20,60
10,14,60
14,9,60
4,3,60
21,1,60
14,7,60
21,9,60
6,0,60
22,14,60
20,9,60
23,22,60
0,2,60
9,1,60
1,14,60
18,7,60
18,5,60
16,2,60
21,11,60
18,12,60
18,0,60
23,7,60
2,12,60
18,16,60
7,20,60
4,10,60
3,12,60
20,18,60
16,4,60
9,22,60
17,4,60
9,18,60
12,21,60
18,17,60
11,6,60
13,21,60
8,23,60
18,4,60
