11,2,60
12,18,60
11,21,60
2,19,60
12,19,60
9,13,60
10,20,60
15,4,60
14,17,60
2,19,60
0,10,60
9,16,60
21,16,60
15,21,60
17,10,60
14,6,60
12,13,60
12,18,60
10,3,60
7,11,60
2,19,60
10,22,60
23,17,60
23,13,60
0,10,60
6,7,60
12,9,60
2,22,60
11,4,60
9,0,60
20,23,60
0,23,60
4,23,60
20,19,60
4,6,60
16,17,60
10,21,60
1,7,60
5,19,60
19,4,60
2,21,60
13,10,60
12,10,60
8,0,60
2,10,60
5,16,60
11,10,60
11,17,60
13,7,60
8,18,60
2,13,60
7,4,60
20,10,60
8,3,60
7,4,60
13,17,60
4,19,60
0,23,60
23,12,60
10,0,60
22,3,60
14,4,60
18,5,60
4,22,60
10,15,60
18,10,60
18,23,60
13,7,60
19,5,60
13,4,60
19,13,60
6,11,60
21,11,60
3,15,60
4,11,60
5,19,60
10,5,60
17,16,60
5,2,60
15,2,60
0,13,60
22,16,60
15,1,60
14,6,60
3,10,60
21,16,60
6,18,60
19,14,60
1,4,60
9,23,60
17,21,60
4,11,60
17,19,60
0,17,60
0,21,60
15,1,60
11,13,60
1,15,60
5,6,60
21,12,60
10,6,60
21,19,60
19,9,60
15,5,60
12,15,60
8,2,60
2,11,60
20,13,60
16,9,60
0,10,60
0,12,60
9,22,60
14,17,60
21,11,60
0,11,60
6,7,60
2,4,60
15,16,60
23,12,60
15,14,60
9,17,60
11,4,60
1,20,60
8,21,60
2,11,60
6,7,60
16,1,60
8,23,60
14,6,60
15,9,60
5,12,60
6,9,60
9,15,60
9,11,60
20,8,60
7,11,60
22,23,60
14,18,60
4,10,60
21,23,60
5,6,60
20,13,60
12,16,60
0,6,60
8,17,60
20,12,60
23,12,60
17,7,60
8,13,60
13,1,60
0,20,60
2,13,60
11,5,60
8,22,60
1,15,60
6,11,60
20,8,60
16,17,60
15,9,60
6,21,60
6,1,60
2,0,60
18,14,60
14,10,60
17,21,60
23,9,60
20,21,60
2,19,60
20,9,60
20,15,60
8,16,60
1,3,60
12,11,60
18,23,60
22,2,60
12,6,60
10,11,60
3,4,60
14,8,60
14,0,60
15,19,60
19,23,60
2,17,60
11,10,60
7,1,60
8,6,60
7,16,60
3,6,60
6,18,60
11,7,60
19,22,60
8,3,60
14,13,60
11,16,60
18,19,60
20,21,60
8,18,60
14,23,60
10,16,60
10,5,60
