4,19,180
0,5,180
23,4,180
20,22,180
22,8,180
4,5,180
17,20,180
19,14,180
0,19,180
18,17,180
7,5,180
10,15,180
6,2,180
3,0,180
12,11,180
1,16,180
17,12,180
10,11,180
15,17,180
22,13,180
19,1,180
20,18,180
2,5,180
10,17,180
0,17,180
17,9,180
15,13,180
11,16,180
15,14,180
17,18,180
12,17,180
9,10,180
13,11,180
21,16,180
1,0,180
23,15,180
20,14,180
16,18,180
7,21,180
16,2,180
21,13,180
7,6,180
9,4,180
18,16,180
13,10,180
17,16,180
22,19,180
22,15,180
19,1,180
8,2,180
4,3,180
21,9,180
16,15,180
6,11,180
6,23,180
4,8,180
21,18,180
8,19,180
15,18,180
8,17,180
16,5,180
6,10,180
20,10,180
2,19,180
7,10,180
8,22,180
6,1,180
4,23,180
2,23,180
2,11,180
13,16,180
18,23,180
13,12,180
16,10,180
5,11,180
18,0,180
19,17,180
10,21,180
20,10,180
19,18,180
11,18,180
17,14,180
17,11,180
9,20,180
15,20,180
23,21,180
23,19,180
15,10,180
16,7,180
19,17,180
23,12,180
11,1,180
2,19,180
18,19,180
9,5,180
13,23,180
14,13,180
23,16,180
19,23,180
23,13,180
2,17,180
19,5,180
15,4,180
6,22,180
18,23,180
4,19,180
9,16,180
15,7,180
3,23,180
18,7,180
10,1,180
2,7,180
21,15,180
7,17,180
18,22,180
8,17,180
16,15,180
19,8,180
11,15,180
8,23,180
1,3,180
7,20,180
2,7,180
7,9,180
6,21,180
9,2,180
8,6,180
3,19,180
8,4,180
7,18,180
12,18,180
11,0,180
6,3,180
10,17,180
22,5,180
12,16,180
6,11,180
17,5,180
12,21,180
17,8,180
13,19,180
2,7,180
22,15,180
12,11,180
4,1,180
6,3,180
14,16,180
2,4,180
15,0,180
7,15,180
19,1,180
3,16,180
17,15,180
12,14,180
23,16,180
7,14,180
1,21,180
7,14,180
21,7,180
6,22,180
14,17,180
2,18,180
11,0,180
2,16,180
21,8,180
23,6,180
17,18,180
19,0,180
1,16,180
19,15,180
6,0,180
15,11,180
17,9,180
18,22,180
22,9,180
13,4,180
5,9,180
3,7,180
14,8,180
0,14,180
8,4,180
3,13,180
23,8,180
5,17,180
16,15,180
12,10,180
18,7,180
9,10,180
10,0,180
19,20,180
18,3,180
13,22,180
0,12,180
9,23,180
23,20,180
23,20,180
0,12,180
4,23,180
22,1,180
12,10,180
16,4,180
13,15,180
12,21,180
6,9,180
10,20,180
12,7,180
3,13,180
3,1,180
15,5,180
10,9,180
10,22,180
5,23,180
6,21,180
23,17,180
13,7,180
2,10,180
9,10,180
5,19,180
11,1,180
0,10,180
15,7,180
1,2,180
21,9,180
8,11,180
14,4,180
2,7,180
23,22,180
14,5,180
20,18,180
11,13,180
14,22,180
23,5,180
1,5,180
17,10,180
9,6,180
16,13,180
4,7,180
5,15,180
10,23,180
18,10,180
10,15,180
14,4,180
4,1,180
21,15,180
21,2,180
12,19,180
3,8,180
14,18,180
17,4,180
14,9,180
1,22,180
1,5,180
9,23,180
5,17,180
8,11,180
10,19,180
17,9,180
12,16,180
11,10,180
8,18,180
0,14,180
4,14,180
1,10,180
21,1,180
10,5,180
0,13,180
3,8,180
7,18,180
17,5,180
10,22,180
22,13,180
23,12,180
0,14,180
0,23,180
20,6,180
18,0,180
13,18,180
23,10,180
9,14,180
18,3,180
10,21,180
2,17,180
7,23,180
12,6,180
19,22,180
8,1,180
23,7,180
20,10,180
19,10,180
13,18,180
7,14,180
5,21,180
8,21,180
22,5,180
23,14,180
12,20,180
3,21,180
8,22,180
6,3,180
0,16,180
