8,13,180
9,3,180
20,3,180
11,23,180
18,13,180
6,19,180
2,22,180
18,0,180
17,5,180
15,3,180
6,8,180
4,19,180
7,23,180
4,16,180
12,2,180
16,11,180
13,4,180
18,19,180
19,10,180
14,18,180
3,2,180
16,19,180
23,12,180
7,2,180
0,1,180
15,17,180
16,15,180
9,3,180
7,20,180
7,1,180
17,20,180
2,15,180
12,22,180
22,20,180
20,22,180
1,5,180
7,8,180
21,17,180
3,15,180
22,17,180
15,5,180
14,16,180
12,17,180
8,19,180
16,12,180
5,21,180
21,7,180
8,7,180
10,16,180
18,13,180
6,4,180
2,3,180
20,14,180
5,6,180
8,6,180
14,23,180
12,21,180
10,18,180
23,20,180
18,13,180
11,20,180
14,20,180
1,23,180
3,17,180
19,22,180
16,0,180
14,13,180
3,1,180
10,17,180
11,23,180
16,9,180
17,13,180
23,2,180
8,0,180
2,12,180
14,8,180
17,18,180
22,8,180
11,23,180
4,13,180
4,12,180
10,22,180
15,2,180
6,4,180
11,23,180
8,22,180
5,23,180
4,8,180
14,15,180
3,22,180
15,16,180
8,2,180
2,14,180
7,1,180
7,22,180
19,20,180
8,7,180
20,19,180
2,18,180
4,19,180
0,4,180
13,15,180
13,2,180
17,20,180
14,11,180
12,15,180
2,17,180
2,10,180
15,1,180
1,3,180
2,11,180
3,5,180
2,11,180
2,15,180
1,21,180
23,3,180
16,8,180
18,0,180
9,16,180
18,21,180
0,19,180
1,2,180
7,20,180
3,7,180
15,21,180
0,14,180
5,22,180
17,12,180
10,23,180
8,15,180
0,13,180
15,6,180
8,18,180
9,19,180
16,13,180
5,7,180
9,19,180
10,11,180
7,17,180
4,7,180
2,16,180
11,1,180
18,3,180
12,19,180
15,23,180
1,3,180
23,4,180
21,23,180
4,2,180
9,3,180
