22,19,60
8,2,60
13,3,60
14,11,60
14,2,60
4,2,60
2,12,60
18,8,60
9,2,60
22,1,60
17,10,60
17,11,60
23,21,60
6,11,60
23,16,60
6,20,60
10,3,60
3,17,60
4,12,60
15,5,60
8,22,60
8,15,60
19,2,60
10,20,60
2,0,60
10,21,60
17,7,60
19,15,60
1,8,60
22,1,60
13,1,60
10,23,60
18,5,60
22,13,60
0,8,60
15,0,60
17,1,60
11,23,60
4,8,60
8,15,60
14,6,60
17,19,60
23,4,60
22,2,60
20,22,60
3,22,60
4,6,60
11,15,60
9,22,60
15,20,60
23,19,60
5,3,60
7,15,60
13,18,60
9,6,60
5,1,60
9,16,60
1,6,60
14,8,60
10,12,60
21,5,60
5,6,60
12,4,60
4,5,60
11,0,60
18,4,60
13,8,60
16,20,60
11,3,60
13,9,60
2,18,60
2,8,60
11,9,60
2,19,60
16,12,60
8,11,60
15,3,60
20,9,60
6,18,60
6,1,60
22,15,60
3,19,60
5,16,60
20,7,60
19,0,60
11,12,60
22,5,60
21,17,60
19,11,60
10,15,60
6,11,60
14,5,60
11,2,60
14,10,60
12,21,60
8,23,60
4,14,60
11,16,60
22,8,60
10,4,60
