8,2,120
17,6,120
18,21,120
22,23,120
21,20,120
11,7,120
13,16,120
5,13,120
3,6,120
19,12,120
11,6,120
21,13,120
14,12,120
23,2,120
23,15,120
14,13,120
19,0,120
13,15,120
18,21,120
12,13,120
21,2,120
22,21,120
11,1,120
22,6,120
12,0,120
13,21,120
1,18,120
12,5,120
16,8,120
5,20,120
13,5,120
12,15,120
9,3,120
18,1,120
21,7,120
6,18,120
13,1,120
6,13,120
12,0,120
19,23,120
18,13,120
2,23,120
8,16,120
15,20,120
11,18,120
12,16,120
15,16,120
8,7,120
19,8,120
2,11,120
2,4,120
20,8,120
2,16,120
21,7,120
5,9,120
7,17,120
13,4,120
23,17,120
13,0,120
18,7,120
18,2,120
20,5,120
8,11,120
20,15,120
17,16,120
20,12,120
8,5,120
13,3,120
20,14,120
15,12,120
16,20,120
13,21,120
7,1,120
15,21,120
20,16,120
9,1,120
16,4,120
17,0,120
21,11,120
14,4,120
23,6,120
12,0,120
10,0,120
3,17,120
15,16,120
7,2,120
0,5,120
11,16,120
2,14,120
15,14,120
11,3,120
0,6,120
1,19,120
22,21,120
18,2,120
1,2,120
1,23,120
12,11,120
14,0,120
20,19,120
7,18,120
10,20,120
2,17,120
4,21,120
13,15,120
18,8,120
12,13,120
11,19,120
9,12,120
0,13,120
6,0,120
11,4,120
6,11,120
16,6,120
9,11,120
7,16,120
23,20,120
13,10,120
2,11,120
0,9,120
10,4,120
6,12,120
10,22,120
11,13,120
2,10,120
5,19,120
18,1,120
21,19,120
16,19,120
21,15,120
23,11,120
0,7,120
4,23,120
10,20,120
14,1,120
12,9,120
3,14,120
15,6,120
22,2,120
0,11,120
9,0,120
15,2,120
23,12,120
11,1,120
0,4,120
5,22,120
10,19,120
23,5,120
10,16,120
3,7,120
16,2,120
17,16,120
16,18,120
8,14,120
21,1,120
17,8,120
13,11,120
3,22,120
11,15,120
21,7,120
10,3,120
3,9,120
5,13,120
7,9,120
21,19,120
21,8,120
20,21,120
18,23,120
21,4,120
16,23,120
3,0,120
4,23,120
10,23,120
18,22,120
10,15,120
4,12,120
22,8,120
18,12,120
19,1,120
11,10,120
4,5,120
17,21,120
10,2,120
10,19,120
6,19,120
5,20,120
6,0,120
20,18,120
4,15,120
17,19,120
20,2,120
4,18,120
3,2,120
19,7,120
5,1,120
23,13,120
9,16,120
5,22,120
11,7,120
13,14,120
