19,14,120
3,11,120
7,10,120
6,9,120
5,9,120
21,3,120
13,18,120
11,0,120
2,17,120
21,12,120
19,17,120
3,12,120
2,10,120
1,12,120
3,16,120
6,11,120
3,19,120
9,18,120
17,3,120
0,2,120
12,7,120
7,3,120
10,21,120
8,5,120
11,4,120
11,1,120
14,15,120
20,5,120
20,1,120
17,14,120
15,13,120
10,17,120
15,23,120
11,23,120
13,6,120
19,18,120
5,13,120
0,18,120
11,6,120
21,22,120
19,16,120
10,23,120
4,18,120
9,15,120
18,10,120
16,17,120
6,14,120
8,18,120
5,12,120
17,4,120
2,13,120
16,12,120
8,20,120
6,2,120
8,12,120
14,21,120
20,15,120
10,1,120
6,3,120
2,16,120
15,6,120
19,13,120
8,19,120
0,1,120
22,13,120
16,20,120
6,16,120
3,5,120
21,7,120
18,21,120
18,15,120
10,13,120
11,19,120
13,0,120
1,17,120
5,10,120
9,1,120
21,16,120
23,22,120
15,2,120
1,13,120
19,3,120
5,3,120
11,9,120
0,19,120
8,16,120
5,12,120
15,17,120
14,0,120
22,15,120
17,9,120
14,18,120
18,15,120
4,20,120
9,21,120
7,9,120
8,1,120
0,20,120
4,17,120
17,21,120
13,3,120
4,15,120
3,13,120
17,5,120
23,20,120
19,4,120
19,16,120
7,11,120
7,11,120
18,15,120
9,10,120
7,3,120
8,20,120
18,13,120
5,0,120
19,12,120
23,20,120
2,5,120
17,8,120
11,21,120
2,8,120
22,9,120
1,8,120
23,1,120
3,2,120
21,19,120
19,20,120
11,20,120
19,20,120
0,22,120
19,5,120
10,2,120
17,21,120
15,4,120
23,9,120
22,4,120
2,21,120
3,9,120
22,23,120
0,3,120
7,15,120
19,10,120
9,5,120
9,10,120
19,18,120
18,14,120
17,3,120
20,23,120
19,18,120
15,8,120
