11,8,120
18,17,120
4,9,60
12,23,180
7,21,150
1,17,90
11,18,120
5,3,90
20,16,60
3,8,60
4,8,180
18,4,150
2,5,60
17,13,120
2,3,180
15,16,180
6,23,180
10,14,180
21,9,180
5,10,60
18,12,150
11,7,180
2,12,90
9,12,180
23,11,180
16,14,120
9,1,120
3,18,180
20,23,90
4,15,60
20,14,60
6,12,180
19,12,60
5,11,60
9,16,120
1,3,90
23,11,180
4,10,60
21,13,180
19,5,120
6,2,120
8,10,90
23,17,180
13,6,60
15,3,120
19,10,120
5,8,90
4,16,90
23,6,180
16,13,90
18,17,150
14,5,180
19,15,90
20,17,90
11,10,60
9,0,150
20,5,180
0,22,90
17,22,180
17,23,120
12,5,60
5,14,90
11,7,180
14,2,90
15,17,120
3,12,60
21,17,90
14,22,120
2,21,60
13,15,180
10,17,180
18,7,180
8,9,180
12,19,120
2,16,120
15,19,120
13,21,90
22,4,60
22,4,90
4,18,60
5,15,60
17,14,120
16,18,150
6,23,60
8,13,90
12,4,180
7,18,60
16,18,90
11,12,60
2,0,180
7,21,120
2,3,150
4,6,60
7,13,150
12,0,120
21,0,120
1,19,150
18,0,60
17,23,60
21,14,60
2,17,150
1,6,60
13,17,90
2,13,90
10,15,120
8,19,180
14,15,90
1,23,60
2,11,150
12,5,150
1,14,180
15,16,90
16,1,120
13,7,60
10,15,150
4,5,180
20,0,60
15,18,120
18,15,180
22,16,150
18,15,60
11,4,120
10,7,120
14,3,120
2,12,90
0,22,60
21,19,60
2,7,150
18,16,120
11,0,60
5,13,120
8,18,180
6,4,150
3,15,180
21,8,180
18,17,150
3,14,60
21,5,150
22,8,150
11,2,150
2,22,90
9,6,180
0,17,120
12,16,120
5,15,180
15,22,150
3,1,60
18,6,60
13,15,150
20,15,120
