21,3,60
6,22,150
5,12,120
10,20,60
10,19,150
10,6,60
12,7,90
10,1,120
2,18,120
19,14,150
21,7,60
6,21,60
0,11,90
10,11,60
20,17,90
23,6,90
11,19,60
19,23,180
1,4,180
21,2,90
11,18,120
18,10,60
4,7,120
6,8,90
0,2,120
22,18,60
21,8,90
1,0,90
7,9,150
20,15,90
23,16,60
9,15,60
2,3,150
3,13,180
16,3,120
5,18,90
12,8,90
13,7,180
7,3,120
4,21,150
21,12,180
22,20,120
17,21,150
21,8,150
8,21,150
22,17,60
17,4,150
12,22,60
7,12,60
11,9,180
18,0,120
10,21,60
3,17,150
15,23,120
14,12,90
8,18,90
6,5,180
0,22,120
23,2,150
12,0,60
5,13,60
20,14,180
23,18,60
2,11,120
21,12,120
4,5,120
11,21,120
2,15,120
12,22,90
18,23,60
10,7,150
13,12,120
9,1,90
17,0,90
11,20,60
12,5,150
15,20,180
5,2,120
0,3,150
22,19,60
18,19,60
14,16,90
4,10,90
14,16,180
8,20,150
10,9,60
19,23,90
4,8,90
18,2,180
1,5,180
15,11,180
13,14,60
21,11,150
6,15,180
16,20,60
13,5,180
14,19,180
10,22,150
9,0,120
8,4,120
9,14,60
7,11,180
19,6,60
20,1,150
16,12,180
3,20,60
14,3,120
8,1,60
10,0,120
14,0,150
8,0,60
2,22,90
14,0,180
10,1,120
14,11,150
22,21,150
3,7,90
7,1,90
14,3,120
18,2,120
13,5,180
1,11,90
14,0,60
13,18,90
6,8,150
2,23,60
20,23,180
23,4,60
23,19,150
18,13,120
12,20,90
4,9,150
12,13,120
7,21,120
8,17,90
4,16,90
4,17,90
14,0,120
3,22,150
16,2,180
23,10,180
0,3,150
5,10,150
6,22,120
12,3,90
23,19,60
20,0,60
21,3,90
2,10,90
21,16,150
10,14,120
21,14,150
8,13,90
5,19,180
12,5,60
2,14,150
14,15,60
15,1,150
4,2,90
18,21,90
3,15,150
10,0,150
8,15,90
22,15,90
9,16,120
21,9,90
20,7,180
9,21,120
7,1,60
13,21,150
20,12,60
6,17,180
11,22,60
14,6,150
16,21,180
16,11,60
5,19,90
15,5,180
3,7,120
22,21,180
4,19,120
10,8,120
6,3,90
14,17,180
6,13,90
16,15,90
9,21,180
14,7,90
10,23,90
18,1,120
10,20,60
7,22,120
20,15,90
22,13,60
11,21,120
8,14,120
17,1,120
4,0,120
6,4,60
19,14,60
19,6,120
16,14,120
16,0,60
7,17,90
23,15,120
18,0,150
7,16,90
13,10,90
6,8,60
0,1,60
10,12,60
7,9,60
15,0,120
21,2,180
14,19,180
8,12,90
20,6,150
0,1,150
14,16,120
7,15,90
20,15,150
16,2,60
20,3,90
8,18,150
14,2,180
8,2,60
0,1,60
16,18,60
23,6,60
0,9,90
5,23,180
11,5,60
1,17,180
5,6,150
20,10,90
19,0,120
20,9,180
4,16,120
10,22,150
19,20,180
13,6,120
7,1,60
13,18,90
17,2,90
20,14,90
5,9,60
23,17,90
20,23,120
21,20,150
21,23,150
