13,2,180
9,12,180
1,4,180
10,4,180
14,6,180
11,7,180
12,18,180
22,21,180
12,11,180
3,23,180
22,1,180
11,12,180
22,10,180
3,9,180
7,11,180
7,20,180
4,0,180
23,5,180
2,3,180
15,0,180
23,2,180
15,7,180
10,18,180
13,10,180
8,14,180
1,11,180
6,20,180
14,8,180
10,22,180
22,0,180
15,6,180
0,23,180
3,8,180
8,7,180
23,11,180
6,15,180
4,0,180
16,22,180
4,11,180
3,4,180
10,4,180
9,15,180
7,5,180
16,10,180
12,23,180
6,10,180
5,7,180
7,8,180
23,4,180
19,6,180
6,1,180
7,0,180
13,4,180
3,22,180
0,9,180
14,1,180
7,3,180
6,14,180
17,23,180
4,0,180
13,18,180
4,17,180
10,20,180
6,23,180
3,17,180
5,13,180
11,20,180
0,23,180
19,4,180
20,11,180
3,16,180
1,14,180
1,11,180
14,23,180
16,7,180
1,2,180
21,17,180
23,20,180
3,9,180
1,14,180
14,13,180
15,16,180
12,1,180
15,19,180
0,5,180
6,10,180
16,2,180
23,6,180
22,2,180
9,5,180
19,11,180
2,23,180
23,8,180
2,20,180
22,13,180
10,13,180
12,4,180
3,13,180
1,17,180
20,16,180
6,11,180
9,1,180
4,7,180
22,23,180
7,15,180
3,12,180
3,17,180
22,17,180
9,6,180
6,17,180
12,8,180
9,4,180
21,1,180
21,23,180
18,22,180
23,4,180
14,18,180
10,17,180
4,0,180
0,5,180
21,2,180
12,5,180
9,23,180
15,18,180
2,12,180
9,3,180
12,10,180
16,7,180
16,23,180
12,15,180
16,4,180
19,20,180
21,3,180
8,5,180
12,10,180
13,2,180
7,16,180
2,18,180
23,11,180
22,13,180
23,12,180
10,15,180
20,16,180
5,2,180
9,3,180
10,6,180
23,19,180
14,0,180
18,22,180
13,4,180
1,20,180
9,16,180
7,17,180
0,9,180
10,14,180
7,13,180
9,21,180
0,2,180
21,13,180
1,12,180
9,3,180
8,5,180
22,12,180
13,2,180
1,14,180
20,16,180
18,7,180
5,21,180
18,5,180
18,12,180
15,20,180
20,16,180
14,22,180
18,1,180
15,12,180
8,5,180
14,19,180
0,21,180
3,18,180
7,16,180
7,23,180
14,22,180
9,18,180
11,2,180
12,2,180
4,19,180
15,19,180
8,4,180
2,8,180
10,22,180
7,5,180
2,23,180
20,22,180
2,12,180
4,19,180
18,10,180
12,5,180
0,10,180
17,2,180
16,19,180
