18,8,60
16,3,90
5,1,180
10,8,180
19,12,60
21,7,180
5,17,60
19,5,90
10,3,150
0,7,150
7,20,120
5,17,180
1,2,60
19,1,90
13,11,180
17,6,120
18,21,60
9,23,120
7,12,60
9,0,150
21,20,150
15,17,90
21,2,120
16,20,180
10,12,120
16,15,150
21,22,180
13,19,60
21,11,120
2,5,180
1,18,90
5,21,150
10,13,180
20,22,120
8,21,180
9,8,150
8,10,90
8,11,60
12,11,60
0,5,150
19,16,60
4,19,60
5,19,180
19,10,120
2,3,60
7,17,150
11,1,120
13,4,90
16,15,120
18,15,90
13,12,150
15,19,90
21,16,180
12,19,180
13,0,120
5,22,60
12,13,120
2,22,120
19,1,180
16,15,150
2,15,180
1,6,60
8,6,180
5,16,120
11,10,90
5,2,60
13,14,90
1,20,180
9,15,60
21,16,60
2,0,60
8,13,60
17,21,90
14,22,150
16,22,180
12,13,120
21,18,60
18,1,90
21,10,180
13,23,120
13,4,180
2,20,120
0,23,120
23,6,150
7,10,150
22,21,120
19,1,90
2,21,180
8,21,90
5,14,180
4,15,150
2,10,150
16,5,150
12,5,60
13,7,90
6,13,120
0,21,60
1,15,60
6,3,90
16,14,120
3,15,90
20,7,60
21,23,60
4,12,90
1,13,150
3,0,120
17,18,180
5,4,150
7,2,90
22,15,120
16,7,180
4,0,60
8,16,90
21,4,90
4,0,150
12,3,60
12,22,180
16,3,90
10,2,180
20,22,60
13,10,180
10,13,120
2,7,150
8,3,120
18,14,60
19,4,180
8,15,90
5,6,60
21,10,180
16,20,150
8,3,150
7,11,150
17,14,60
17,5,60
16,6,150
8,17,120
11,3,150
21,13,180
15,10,120
23,6,180
9,5,180
20,11,120
10,4,180
3,20,120
16,15,60
10,14,120
23,12,60
3,17,60
16,3,180
4,5,150
3,20,150
20,12,180
4,12,60
2,1,120
5,19,180
14,10,120
20,18,60
16,21,120
5,14,180
19,17,150
20,10,90
18,14,90
6,11,90
13,19,180
22,0,60
19,6,90
16,2,150
3,4,180
9,1,180
17,19,120
10,1,180
15,6,120
6,1,120
23,21,60
13,20,180
16,9,180
16,6,90
15,5,90
3,7,180
15,16,90
10,8,180
4,9,120
14,1,180
16,22,90
21,14,90
1,12,120
12,5,180
8,23,60
7,21,120
8,3,60
8,22,180
5,10,60
8,16,90
10,11,60
20,15,90
22,20,150
14,23,60
23,15,150
1,15,60
0,18,150
