15,10,120
12,3,120
20,12,120
7,8,120
12,14,120
20,18,120
18,16,120
16,11,120
19,11,120
11,8,120
14,1,120
15,5,120
8,7,120
9,22,120
13,11,120
9,16,120
9,16,120
4,10,120
20,11,120
3,11,120
2,16,120
9,11,120
0,21,120
11,1,120
15,20,120
12,21,120
18,23,120
5,13,120
14,19,120
13,14,120
5,17,120
23,5,120
14,8,120
0,11,120
20,7,120
4,7,120
1,8,120
4,5,120
16,15,120
4,11,120
2,13,120
7,13,120
4,0,120
3,4,120
18,1,120
7,8,120
19,7,120
7,4,120
2,13,120
11,22,120
15,18,120
9,18,120
16,11,120
17,5,120
9,16,120
22,21,120
21,19,120
4,6,120
15,12,120
18,23,120
10,16,120
11,17,120
13,23,120
4,11,120
23,19,120
18,23,120
9,21,120
0,3,120
10,15,120
22,0,120
9,4,120
9,18,120
13,21,120
2,7,120
16,18,120
23,6,120
5,22,120
11,1,120
10,12,120
8,20,120
16,14,120
2,7,120
17,16,120
1,3,120
5,11,120
2,1,120
17,6,120
11,14,120
21,15,120
1,19,120
7,19,120
9,12,120
14,16,120
12,0,120
4,16,120
8,14,120
2,10,120
1,20,120
22,14,120
23,4,120
1,15,120
10,5,120
22,19,120
16,15,120
16,13,120
13,4,120
22,13,120
14,9,120
14,3,120
12,15,120
5,7,120
4,12,120
2,11,120
4,15,120
7,6,120
9,23,120
23,14,120
4,18,120
18,8,120
13,12,120
16,7,120
7,18,120
22,23,120
22,4,120
2,7,120
11,21,120
4,2,120
14,5,120
13,4,120
23,8,120
15,10,120
17,15,120
1,18,120
11,4,120
13,18,120
3,2,120
23,4,120
17,3,120
20,7,120
22,12,120
5,9,120
0,11,120
23,16,120
11,17,120
16,8,120
5,17,120
15,22,120
21,16,120
8,11,120
17,15,120
12,13,120
4,15,120
23,0,120
7,3,120
1,5,120
0,22,120
18,6,120
22,15,120
1,4,120
1,6,120
20,1,120
17,10,120
23,11,120
0,9,120
6,20,120
10,2,120
6,18,120
5,9,120
21,23,120
3,22,120
2,7,120
20,19,120
15,1,120
9,8,120
19,21,120
3,13,120
20,16,120
2,19,120
9,7,120
17,15,120
22,14,120
15,12,120
1,19,120
17,20,120
1,3,120
2,11,120
22,16,120
12,8,120
19,23,120
8,18,120
2,9,120
4,22,120
8,16,120
0,19,120
9,15,120
7,3,120
18,15,120
17,9,120
4,13,120
7,16,120
1,4,120
8,13,120
13,8,120
18,2,120
9,10,120
5,7,120
10,13,120
9,15,120
16,11,120
15,12,120
19,12,120
13,16,120
8,13,120
3,2,120
9,17,120
3,1,120
19,15,120
6,0,120
17,15,120
0,6,120
6,10,120
5,9,120
15,21,120
22,10,120
17,12,120
7,3,120
11,21,120
9,13,120
11,19,120
1,22,120
11,2,120
3,13,120
6,2,120
23,21,120
2,10,120
8,3,120
11,22,120
18,13,120
22,23,120
0,13,120
22,1,120
15,21,120
7,2,120
18,20,120
13,14,120
22,7,120
14,10,120
2,14,120
17,21,120
13,20,120
11,20,120
5,3,120
18,16,120
16,19,120
1,16,120
2,14,120
3,16,120
4,20,120
16,14,120
2,7,120
21,18,120
5,2,120
6,9,120
7,3,120
23,6,120
14,9,120
8,6,120
15,4,120
14,17,120
8,22,120
3,16,120
5,13,120
6,14,120
23,19,120
10,2,120
12,6,120
3,7,120
7,11,120
21,8,120
9,7,120
14,2,120
22,11,120
17,6,120
3,6,120
16,5,120
18,12,120
5,19,120
23,21,120
13,22,120
19,16,120
2,0,120
10,14,120
3,0,120
19,8,120
0,11,120
6,1,120
7,15,120
18,2,120
5,20,120
6,10,120
