7,19,120
18,4,120
21,17,120
14,13,120
5,17,120
18,19,120
23,22,120
15,3,120
7,17,120
12,4,120
20,21,120
20,11,120
4,14,120
3,4,120
22,3,120
13,11,120
3,18,120
11,0,120
9,10,120
10,0,120
6,12,120
2,16,120
5,3,120
1,13,120
0,2,120
1,23,120
19,12,120
5,12,120
16,7,120
19,16,120
13,2,120
21,18,120
22,21,120
18,2,120
7,16,120
5,23,120
11,12,120
15,5,120
2,21,120
6,3,120
10,9,120
0,3,120
5,2,120
5,2,120
11,15,120
9,23,120
20,9,120
19,0,120
4,9,120
14,0,120
11,7,120
17,22,120
16,5,120
4,15,120
9,10,120
17,18,120
2,14,120
12,8,120
18,14,120
8,2,120
10,4,120
16,3,120
18,2,120
18,0,120
9,13,120
17,2,120
19,0,120
1,11,120
6,16,120
7,11,120
16,22,120
10,1,120
3,14,120
13,17,120
6,8,120
11,12,120
10,11,120
13,22,120
9,10,120
16,7,120
6,4,120
5,15,120
10,3,120
2,0,120
6,16,120
7,14,120
11,8,120
2,6,120
6,3,120
2,23,120
15,0,120
1,12,120
9,15,120
3,2,120
12,2,120
11,4,120
6,17,120
5,9,120
8,1,120
14,7,120
4,0,120
7,14,120
5,23,120
1,11,120
15,20,120
18,15,120
5,19,120
13,20,120
17,1,120
16,12,120
13,19,120
13,1,120
3,22,120
21,6,120
14,11,120
21,7,120
2,6,120
23,19,120
10,5,120
13,15,120
3,20,120
9,12,120
22,7,120
16,1,120
22,2,120
23,14,120
21,3,120
23,19,120
22,15,120
0,5,120
9,10,120
10,2,120
8,22,120
8,1,120
9,4,120
1,21,120
8,17,120
4,3,120
7,23,120
7,17,120
13,21,120
12,22,120
1,17,120
9,16,120
10,1,120
19,17,120
21,9,120
14,19,120
17,14,120
11,10,120
18,17,120
6,1,120
0,7,120
10,4,120
19,14,120
20,12,120
13,2,120
1,10,120
12,6,120
13,19,120
3,6,120
9,11,120
8,16,120
18,21,120
19,6,120
17,12,120
7,5,120
3,0,120
12,14,120
12,21,120
23,1,120
16,18,120
23,16,120
5,11,120
22,14,120
5,23,120
19,7,120
2,21,120
20,16,120
8,16,120
23,10,120
12,18,120
13,23,120
19,18,120
12,23,120
17,6,120
10,6,120
8,14,120
15,21,120
17,13,120
1,21,120
0,11,120
2,17,120
2,15,120
16,8,120
6,10,120
17,10,120
21,7,120
0,10,120
23,22,120
0,18,120
20,16,120
4,5,120
11,20,120
9,21,120
10,0,120
1,20,120
11,12,120
21,8,120
16,9,120
0,19,120
13,0,120
3,12,120
9,3,120
16,7,120
12,15,120
15,17,120
8,19,120
22,15,120
5,18,120
0,3,120
10,11,120
1,4,120
0,4,120
4,1,120
0,10,120
5,2,120
13,0,120
18,4,120
20,17,120
4,6,120
0,19,120
20,4,120
18,0,120
16,21,120
22,12,120
23,7,120
19,21,120
7,12,120
3,10,120
19,13,120
2,3,120
1,22,120
21,19,120
17,12,120
7,2,120
10,13,120
10,3,120
10,8,120
5,17,120
