3,17,150
19,18,150
5,12,90
19,7,90
3,4,180
15,19,90
5,19,120
1,6,150
16,4,120
6,9,150
11,5,180
9,11,150
13,2,90
19,6,180
0,12,60
11,14,90
20,21,90
14,22,150
17,7,60
7,9,120
22,16,120
19,13,150
6,15,90
21,20,150
10,7,150
1,6,60
3,6,120
11,13,180
5,20,150
0,1,120
12,5,60
11,14,180
16,2,150
23,4,150
21,18,90
15,16,180
0,6,150
16,3,150
23,19,180
2,13,60
23,13,60
1,3,150
13,3,120
12,11,90
9,14,150
9,0,120
6,15,180
3,18,150
12,10,150
7,16,90
20,5,180
2,6,120
8,4,150
22,1,180
16,14,60
7,17,90
1,9,150
9,12,150
18,3,120
23,18,90
23,7,180
20,2,60
1,13,60
9,6,90
16,0,180
23,21,60
19,11,120
7,18,90
11,17,150
3,20,120
11,7,60
14,16,60
18,16,90
5,21,60
6,0,150
2,11,90
9,11,180
3,9,150
6,0,90
17,20,120
1,0,60
17,4,180
13,11,150
15,23,150
9,20,60
3,15,90
21,4,120
17,11,180
18,12,90
6,17,180
6,18,120
18,13,120
14,10,180
16,9,180
12,18,90
11,9,60
5,16,120
0,17,180
18,14,60
19,4,180
5,9,150
0,18,120
14,2,90
7,8,150
5,22,150
22,15,120
19,7,150
12,13,90
6,20,150
18,23,150
13,7,180
16,8,180
6,11,60
1,4,90
13,17,60
15,3,60
16,18,60
23,2,60
1,15,90
9,1,150
20,14,60
3,6,180
15,10,90
17,13,180
0,10,150
21,20,180
6,23,90
17,6,60
9,17,180
18,11,90
1,10,60
10,8,60
10,15,150
0,16,120
9,1,180
0,18,180
6,7,90
12,13,150
14,19,180
2,0,180
20,14,180
15,6,180
18,22,90
0,21,60
15,13,90
17,15,120
10,7,120
6,7,150
8,4,150
13,4,90
2,12,90
14,23,180
19,17,150
12,13,120
4,22,150
2,11,150
2,1,90
6,5,90
13,10,150
23,17,180
8,7,120
19,14,90
4,6,180
6,19,90
4,16,180
23,4,120
0,23,120
4,10,90
9,8,90
3,12,60
4,17,150
18,9,90
8,13,60
23,16,120
2,15,150
23,15,90
2,17,90
21,1,90
1,18,90
2,15,60
5,14,150
17,9,120
13,15,120
12,8,90
9,3,120
4,3,60
2,1,90
10,20,180
23,11,90
16,7,90
20,21,180
1,16,60
13,21,180
5,7,120
6,11,150
3,8,60
2,15,120
18,9,120
21,18,120
23,11,60
2,12,180
15,16,60
1,20,90
22,10,150
21,13,90
22,10,90
15,8,150
0,9,120
10,21,60
1,7,120
14,15,150
0,11,150
13,9,120
4,11,150
12,23,150
16,9,150
22,9,120
19,15,180
15,6,90
5,14,180
13,23,90
0,5,180
14,7,150
21,12,120
9,23,90
17,19,60
0,14,90
2,15,90
0,13,90
10,17,120
13,9,120
2,5,150
17,7,90
12,0,150
9,1,60
1,3,120
3,12,60
8,22,90
20,17,90
16,18,60
19,21,60
5,22,90
22,17,150
4,16,90
11,15,60
19,13,120
8,22,150
21,11,60
14,10,150
17,9,180
5,17,120
1,7,180
10,1,90
19,11,180
15,18,180
21,0,150
21,22,120
1,19,150
7,16,90
23,11,180
16,9,150
5,18,60
19,7,120
19,23,150
9,13,150
4,3,60
11,22,60
17,9,120
2,15,120
22,20,90
22,10,120
15,4,90
16,20,120
21,17,180
7,4,90
9,22,90
15,2,60
9,2,180
19,6,180
7,3,180
12,22,180
8,7,150
6,20,120
13,2,150
4,9,180
4,9,90
1,2,60
18,0,60
13,9,150
12,19,120
2,16,120
15,0,60
13,16,150
10,23,180
1,21,180
17,23,60
11,0,60
2,23,150
1,7,180
1,5,180
