6,3,60
23,14,60
4,2,60
15,7,60
2,14,60
6,23,60
21,2,60
16,14,60
4,20,60
4,18,60
18,5,60
11,20,60
4,6,60
3,17,60
0,9,60
0,13,60
0,2,60
16,18,60
10,20,60
9,15,60
5,16,60
18,20,60
18,8,60
3,1,60
20,1,60
17,21,60
22,7,60
2,4,60
0,18,60
9,2,60
5,22,60
7,21,60
12,1,60
22,23,60
1,22,60
3,16,60
0,14,60
0,2,60
21,14,60
11,6,60
2,11,60
6,20,60
14,18,60
19,23,60
7,20,60
4,15,60
4,15,60
13,16,60
1,8,60
7,8,60
23,19,60
1,22,60
7,13,60
4,6,60
19,9,60
4,9,60
2,15,60
23,17,60
22,3,60
3,17,60
4,1,60
0,19,60
7,6,60
14,20,60
1,17,60
20,2,60
15,1,60
15,13,60
23,0,60
20,11,60
17,21,60
2,14,60
15,10,60
8,18,60
21,13,60
7,19,60
19,0,60
11,13,60
23,3,60
16,2,60
12,0,60
4,10,60
18,21,60
11,10,60
22,9,60
14,2,60
1,13,60
10,14,60
6,14,60
5,11,60
9,8,60
1,18,60
20,8,60
10,3,60
10,22,60
9,15,60
20,19,60
4,23,60
0,3,60
11,3,60
16,15,60
22,8,60
9,22,60
14,6,60
8,7,60
2,1,60
4,14,60
21,14,60
3,13,60
23,4,60
2,0,60
2,17,60
7,19,60
17,9,60
11,2,60
21,10,60
5,20,60
1,22,60
1,21,60
13,22,60
8,7,60
17,8,60
1,12,60
15,21,60
21,11,60
18,2,60
0,4,60
6,0,60
12,2,60
13,10,60
23,4,60
8,3,60
4,7,60
15,9,60
15,12,60
7,10,60
10,9,60
2,9,60
21,7,60
5,13,60
10,8,60
18,22,60
6,18,60
6,13,60
20,5,60
5,0,60
12,4,60
17,6,60
16,11,60
2,13,60
14,6,60
15,21,60
2,4,60
0,11,60
19,10,60
9,6,60
8,10,60
15,16,60
14,23,60
20,4,60
8,6,60
14,12,60
16,4,60
9,21,60
5,7,60
6,19,60
16,2,60
21,19,60
4,14,60
10,8,60
3,19,60
7,12,60
7,14,60
6,16,60
20,6,60
8,23,60
5,8,60
5,10,60
12,22,60
22,15,60
2,9,60
17,22,60
11,12,60
2,21,60
16,11,60
14,19,60
3,10,60
18,13,60
1,12,60
23,2,60
16,19,60
6,4,60
11,3,60
22,5,60
11,0,60
7,8,60
1,4,60
20,6,60
15,11,60
0,14,60
5,11,60
17,23,60
21,18,60
20,2,60
4,23,60
3,20,60
21,2,60
18,9,60
11,16,60
18,21,60
10,15,60
23,19,60
19,0,60
21,0,60
3,18,60
18,10,60
14,2,60
15,19,60
13,0,60
0,9,60
10,14,60
14,7,60
19,2,60
22,6,60
3,18,60
16,5,60
8,15,60
5,1,60
18,9,60
21,13,60
2,18,60
5,18,60
10,16,60
18,1,60
14,2,60
12,21,60
7,3,60
10,7,60
8,4,60
6,9,60
7,4,60
12,20,60
18,3,60
4,20,60
18,20,60
10,16,60
17,1,60
22,8,60
20,8,60
21,16,60
21,18,60
20,9,60
7,12,60
11,7,60
14,23,60
6,21,60
19,11,60
3,11,60
2,0,60
9,18,60
16,12,60
22,14,60
12,1,60
18,11,60
22,5,60
2,12,60
21,18,60
9,23,60
13,23,60
3,17,60
10,5,60
4,17,60
17,9,60
5,10,60
14,21,60
7,22,60
21,11,60
6,7,60
20,11,60
19,22,60
6,4,60
7,23,60
19,9,60
19,0,60
8,16,60
9,20,60
22,7,60
22,4,60
18,15,60
23,5,60
8,3,60
20,13,60
5,17,60
5,6,60
8,6,60
8,5,60
3,9,60
20,16,60
21,22,60
19,3,60
