18,19,120
8,2,120
12,6,120
21,14,120
11,16,120
21,19,120
23,12,120
15,14,120
20,5,120
19,23,120
2,11,120
2,5,120
10,18,120
23,10,120
8,9,120
7,2,120
19,20,120
19,14,120
18,7,120
7,15,120
1,23,120
18,17,120
1,6,120
14,22,120
13,19,120
18,11,120
8,12,120
2,3,120
20,9,120
16,6,120
14,22,120
12,6,120
21,5,120
7,6,120
2,5,120
13,0,120
9,3,120
1,17,120
13,3,120
2,18,120
1,3,120
11,22,120
11,4,120
1,11,120
11,6,120
21,15,120
9,16,120
17,1,120
5,8,120
23,8,120
16,5,120
13,4,120
8,6,120
5,15,120
8,14,120
17,23,120
22,15,120
20,21,120
0,11,120
0,11,120
5,10,120
16,13,120
1,19,120
14,15,120
3,9,120
15,8,120
2,13,120
17,21,120
3,16,120
22,4,120
6,1,120
13,10,120
17,12,120
20,12,120
16,23,120
18,2,120
21,22,120
8,12,120
9,21,120
8,7,120
15,22,120
8,1,120
23,1,120
13,23,120
6,19,120
16,6,120
4,20,120
15,1,120
17,2,120
10,9,120
20,14,120
3,18,120
9,15,120
18,0,120
22,12,120
6,5,120
6,12,120
5,14,120
19,0,120
21,15,120
